51.529354	-0.127372	1.204649171E9
51.53116	-0.124036	1.234325814E9
51.529638	-0.127898	1.234344693E9
51.53116	-0.124036	1.234325775E9
51.531257	-0.123757	1.234325758E9
51.529474	-0.127823	1.23434462E9
51.529551	-0.128155	1.234344632E9
51.531934	-0.123714	1.234363111E9
51.531257	-0.123757	1.234325748E9
51.530806	-0.123435	1.234363009E9
51.529291	-0.128059	1.272903389E9
51.529041	-0.127115	1.195303886E9
51.528807	-0.127458	1.196811137E9
51.529311	-0.126863	1.196429962E9
51.529311	-0.126863	1.196430067E9
51.529194	-0.127603	1.196424062E9
51.529431	-0.127404	1.19694789E9
51.529177	-0.127383	1.209987508E9
51.52918	-0.127363	1.209735958E9
51.529832	-0.127801	1.234327739E9
51.52895	-0.127308	1.234326222E9
51.52895	-0.127308	1.234326217E9
51.52895	-0.127308	1.234326227E9
51.529938	-0.126997	1.234326186E9
51.530022	-0.126407	1.234327309E9
51.5298	-0.1276	1.24196048E9
51.5298	-0.1276	1.241960405E9
51.5298	-0.1276	1.241960309E9
51.5298	-0.1276	1.241960287E9
51.529051	-0.127394	1.254410158E9
51.529805	-0.127426	1.254411874E9
51.529051	-0.127394	1.254410123E9
51.529051	-0.127394	1.254410103E9
51.529051	-0.127394	1.25441008E9
51.529051	-0.127394	1.254410023E9
51.529805	-0.127426	1.254410755E9
51.519171	-0.127125	1.180356502E9
51.519171	-0.127125	1.180355369E9
51.519171	-0.127125	1.180356144E9
51.519171	-0.127125	1.180356526E9
51.519171	-0.127125	1.180355222E9
51.519171	-0.127125	1.180354794E9
51.519171	-0.127125	1.18035446E9
51.529494	-0.127072	1.27540668E9
51.529037	-0.127351	1.17267422E9
51.529031	-0.127662	1.172925832E9
51.529685	-0.127748	1.184692969E9
51.529137	-0.126922	1.184260131E9
51.529137	-0.126922	1.184259918E9
51.529635	-0.127533	1.18803157E9
51.529705	-0.127533	1.191507469E9
51.529705	-0.127533	1.191507152E9
51.529705	-0.127533	1.191508263E9
51.529705	-0.127533	1.19150746E9
51.529705	-0.127533	1.191507103E9
51.529404	-0.127458	1.189597274E9
51.529271	-0.127404	1.221587604E9
51.529271	-0.127404	1.221588516E9
51.529271	-0.127404	1.221588697E9
51.529271	-0.127404	1.221586904E9
51.529271	-0.127404	1.221588706E9
51.529271	-0.127404	1.221588942E9
51.529271	-0.127404	1.221586976E9
51.529071	-0.127421	1.224950059E9
51.529071	-0.127421	1.224950056E9
51.529071	-0.127421	1.224950023E9
51.529071	-0.127421	1.224950252E9
51.529191	-0.127683	1.230565491E9
51.528937	-0.127571	1.21722891E9
51.529538	-0.127437	1.233398512E9
51.529491	-0.128059	1.204396217E9
51.529665	-0.128113	1.204393331E9
51.529661	-0.127919	1.204393305E9
51.529541	-0.127716	1.204393359E9
51.529661	-0.127866	1.20439621E9
51.529588	-0.127812	1.204392238E9
51.529004	-0.127276	1.226764967E9
51.529004	-0.127276	1.226764921E9
51.529004	-0.127276	1.226765289E9
51.529004	-0.127276	1.226765306E9
51.529004	-0.127276	1.226765118E9
51.529004	-0.127276	1.226765206E9
51.529004	-0.127276	1.226764911E9
51.529832	-0.127544	1.233851936E9
51.529398	-0.126943	1.234265129E9
51.529398	-0.126943	1.23426548E9
51.52895	-0.127308	1.234326239E9
51.529398	-0.126943	1.234265437E9
51.528663	-0.127115	1.234326492E9
51.528663	-0.127115	1.234326502E9
51.529258	-0.127394	1.234327571E9
51.530813	-0.127072	1.234344504E9
51.529124	-0.127608	1.234327365E9
51.529294	-0.127748	1.237461917E9
51.529294	-0.127748	1.237461949E9
51.5298	-0.1276	1.241960348E9
51.5298	-0.1276	1.242548815E9
51.528774	-0.127394	1.250260705E9
51.528167	-0.127333	1.256994116E9
51.519171	-0.127125	1.180354546E9
51.519171	-0.127125	1.18035666E9
51.529021	-0.126745	1.261365479E9
51.528984	-0.126809	1.26136541E9
51.529354	-0.127447	1.26365596E9
51.529788	-0.127853	1.269081755E9
51.529	-0.1275	1.269175399E9
51.528802	-0.127201	1.276275565E9
51.529151	-0.127477	1.276097008E9
51.529371	-0.127571	1.279917532E9
51.529017	-0.127115	1.279724404E9
51.529093	-0.127395	1.283508041E9
51.530062	-0.128064	1.289027949E9
51.529021	-0.126745	1.292276567E9
51.528984	-0.127125	1.169768178E9
51.528805	-0.127355	1.191146418E9
51.52893	-0.127598	1.217358041E9
51.52893	-0.127598	1.217358045E9
51.52893	-0.127598	1.216231982E9
51.529271	-0.127404	1.221588968E9
51.529271	-0.127404	1.221588434E9
51.528937	-0.127571	1.217228842E9
51.529037	-0.126836	1.233097341E9
51.529504	-0.127855	1.204392243E9
51.529541	-0.127844	1.204396404E9
51.529004	-0.127276	1.226765024E9
51.529091	-0.127415	1.25241329E9
51.529091	-0.127415	1.252413081E9
51.529091	-0.127415	1.252413184E9
51.529091	-0.127415	1.252413206E9
51.529091	-0.127415	1.252413258E9
51.529091	-0.127415	1.252413161E9
51.529091	-0.127415	1.252413108E9
51.529091	-0.127415	1.25241305E9
51.5305	-0.123834	1.253311778E9
51.533636	-0.128874	1.253984195E9
51.528774	-0.127308	1.204985892E9
51.529151	-0.127477	1.276097191E9
51.529261	-0.127581	1.279917603E9
51.529	-0.127333	1.281276211E9
51.529386	-0.127345	1.28404935E9
51.529918	-0.127753	1.284761647E9
51.530085	-0.127421	1.284761643E9
51.529177	-0.127528	1.28902447E9
51.530062	-0.128064	1.289028268E9
51.529396	-0.128327	1.291281782E9
51.52891	-0.127437	1.174071654E9
51.52855	-0.128113	1.177091497E9
51.52855	-0.128113	1.177091496E9
51.52855	-0.128113	1.177091497E9
51.529685	-0.127748	1.184692905E9
51.529685	-0.127748	1.184692877E9
51.529685	-0.127748	1.184693024E9
51.529044	-0.127662	1.189958302E9
51.529044	-0.127662	1.189958386E9
51.529474	-0.127637	1.196511019E9
51.529474	-0.127637	1.196511033E9
51.519418	-0.127077	1.20256724E9
51.519418	-0.127077	1.202569287E9
51.528817	-0.12748	1.204213043E9
51.52879	-0.127437	1.205075094E9
51.52893	-0.127276	1.205933092E9
51.52893	-0.127276	1.205933205E9
51.529258	-0.127506	1.233153336E9
51.529258	-0.127506	1.224687616E9
51.52879	-0.127394	1.231071355E9
51.52887	-0.126975	1.238334065E9
51.529748	-0.128059	1.243672725E9
51.529984	-0.127014	1.256992921E9
51.529151	-0.127477	1.276097109E9
51.529151	-0.127477	1.276097085E9
51.529151	-0.127477	1.27609713E9
51.529151	-0.127477	1.276097119E9
51.529151	-0.127477	1.276097069E9
51.52749	-0.127884	1.279270311E9
51.529618	-0.127624	1.27992594E9
51.530072	-0.126457	1.281643094E9
51.529444	-0.125672	1.289024462E9
51.530062	-0.128064	1.289028096E9
51.528851	-0.127566	1.174984416E9
51.528807	-0.127469	1.175953658E9
51.529565	-0.127657	1.18113381E9
51.529565	-0.127657	1.181133807E9
51.529565	-0.127657	1.181133809E9
51.529565	-0.127657	1.181133811E9
51.529565	-0.127657	1.181133808E9
51.528837	-0.127555	1.181321696E9
51.529024	-0.127544	1.189522426E9
51.528937	-0.127437	1.1911968E9
51.529892	-0.127372	1.197409481E9
51.529892	-0.127372	1.197409262E9
51.529892	-0.127372	1.197405206E9
51.529892	-0.127372	1.197403502E9
51.529892	-0.127372	1.197402733E9
51.529728	-0.127576	1.199279842E9
51.513406	-0.115351	1.209121691E9
51.52893	-0.127598	1.217358314E9
51.52893	-0.127598	1.216231882E9
51.52838	-0.127694	1.232807699E9
51.530855	-0.128035	1.244047759E9
51.530855	-0.128035	1.244048206E9
51.530855	-0.128035	1.244048425E9
51.530855	-0.128035	1.244047557E9
51.530855	-0.128035	1.244048433E9
51.530855	-0.128035	1.244048507E9
51.530855	-0.128035	1.244048513E9
51.530855	-0.128035	1.244048463E9
51.530855	-0.128035	1.244048482E9
51.530855	-0.128035	1.244048521E9
51.530855	-0.128035	1.244048453E9
51.530855	-0.128035	1.244048154E9
51.530855	-0.128035	1.244048206E9
51.530855	-0.128035	1.244048167E9
51.530855	-0.128035	1.244048185E9
51.530855	-0.128035	1.244047737E9
51.530855	-0.128035	1.24404765E9
51.530855	-0.128035	1.244047742E9
51.530855	-0.128035	1.244047671E9
51.530855	-0.128035	1.244047705E9
51.530855	-0.128035	1.24404772E9
51.530855	-0.128035	1.244047617E9
51.530855	-0.128035	1.244047567E9
51.530855	-0.128035	1.244047583E9
51.530855	-0.128035	1.244047625E9
51.530855	-0.128035	1.244047514E9
51.530855	-0.128035	1.244047481E9
51.530855	-0.128035	1.244047478E9
51.530855	-0.128035	1.244047539E9
51.530855	-0.128035	1.244047459E9
51.528733	-0.127883	1.241177435E9
51.529431	-0.127201	1.248801221E9
51.52948	-0.127439	1.256221552E9
51.529331	-0.127115	1.204985806E9
51.529318	-0.127737	1.271947594E9
51.528944	-0.127324	1.281028382E9
51.530113	-0.127701	1.283273885E9
51.530379	-0.127404	1.28989621E9
51.529131	-0.127952	1.29087715E9
51.529131	-0.127952	1.290877047E9
51.528954	-0.127404	1.173169321E9
51.528837	-0.127555	1.181321658E9
51.528857	-0.12748	1.18158416E9
51.528954	-0.127404	1.184838209E9
51.528954	-0.127404	1.184838184E9
51.528156	-0.127919	1.185223006E9
51.529047	-0.127463	1.184401518E9
51.52882	-0.127469	1.189522347E9
51.528897	-0.127973	1.189522177E9
51.52882	-0.127469	1.189522366E9
51.52882	-0.127469	1.189522403E9
51.529892	-0.127372	1.19740833E9
51.529892	-0.127372	1.19741004E9
51.529892	-0.127372	1.197410032E9
51.529892	-0.127372	1.197408693E9
51.529892	-0.127372	1.197404506E9
51.529892	-0.127372	1.197404571E9
51.529892	-0.127372	1.197407641E9
51.529892	-0.127372	1.19740409E9
51.529892	-0.127372	1.197403135E9
51.529892	-0.127372	1.197403013E9
51.529892	-0.127372	1.197404796E9
51.529892	-0.127372	1.197402461E9
51.529892	-0.127372	1.197402283E9
51.529892	-0.127372	1.197407046E9
51.529892	-0.127372	1.197407029E9
51.529892	-0.127372	1.197403246E9
51.529094	-0.127083	1.198529687E9
51.529728	-0.127576	1.199279911E9
51.529024	-0.127426	1.203378296E9
51.513406	-0.115351	1.209124693E9
51.529094	-0.127083	1.221320247E9
51.529204	-0.127404	1.219409064E9
51.529204	-0.127404	1.219404921E9
51.52993	-0.126993	1.231859044E9
51.529735	-0.127758	1.23438735E9
51.530105	-0.127331	1.235492965E9
51.529832	-0.127662	1.235474028E9
51.530429	-0.093415	1.236337607E9
51.530429	-0.093415	1.236337538E9
51.530429	-0.093415	1.236338153E9
51.530429	-0.093415	1.236337208E9
51.529117	-0.127539	1.23738753E9
51.529631	-0.126889	1.24630619E9
51.529978	-0.127362	1.246283253E9
51.529197	-0.127555	1.249358062E9
51.530199	-0.127243	1.258457143E9
51.529845	-0.127458	1.224757548E9
51.529812	-0.127276	1.228914405E9
51.528981	-0.127158	1.283342083E9
51.529468	-0.12734	1.285855966E9
51.529468	-0.12734	1.285846475E9
51.529468	-0.12734	1.286041553E9
51.529468	-0.12734	1.286041527E9
51.529468	-0.12734	1.285856005E9
51.529701	-0.12726	1.287922002E9
51.528897	-0.127463	1.279187165E9
51.529003	-0.127577	1.176804586E9
51.528156	-0.127919	1.183147383E9
51.529024	-0.127544	1.189522445E9
51.528587	-0.127791	1.189522158E9
51.529024	-0.127544	1.189522263E9
51.528937	-0.127319	1.196944895E9
51.528844	-0.127469	1.19620506E9
51.523187	-0.124272	1.197553407E9
51.529024	-0.127577	1.203100482E9
51.529158	-0.127566	1.203237649E9
51.529492	-0.127501	1.204827894E9
51.529278	-0.128198	1.208944202E9
51.529157	-0.12726	1.209055648E9
51.529116	-0.125871	1.20941367E9
51.5292	-0.12601	1.209413725E9
51.529778	-0.127576	1.189788345E9
51.528971	-0.127007	1.219603233E9
51.529104	-0.127533	1.234352184E9
51.494273	0.0759	1.23506013E9
51.494273	0.0759	1.235047366E9
51.494273	0.0759	1.235084837E9
51.494273	0.0759	1.234868464E9
51.494273	0.0759	1.235084765E9
51.494273	0.0759	1.234868362E9
51.494273	0.0759	1.235054165E9
51.494273	0.0759	1.235084611E9
51.494273	0.0759	1.235047407E9
51.494273	0.0759	1.235084644E9
51.52875	-0.12808	1.235834729E9
51.52875	-0.12808	1.235835011E9
51.52875	-0.12808	1.235834917E9
51.52875	-0.12808	1.235836353E9
51.529748	-0.127308	1.246283446E9
51.529305	-0.127009	1.254131551E9
51.529331	-0.127769	1.283341647E9
51.529785	-0.127373	1.1730155E9
51.529079	-0.12755	1.180634335E9
51.529632	-0.127426	1.192786176E9
51.528784	-0.127469	1.192786623E9
51.529165	-0.127534	1.192785603E9
51.528937	-0.127319	1.196861791E9
51.528924	-0.127222	1.200764344E9
51.528868	-0.12656	1.209413911E9
51.528971	-0.127007	1.219603692E9
51.52875	-0.12808	1.235834589E9
51.52875	-0.12808	1.235834615E9
51.529204	-0.127458	1.235835876E9
51.529204	-0.127458	1.235835568E9
51.529204	-0.127458	1.235838825E9
51.516151	-0.129771	1.253366701E9
51.529341	-0.12763	1.272536479E9
51.529291	-0.127222	1.285686607E9
51.494273	0.0759	1.292323722E9
51.494273	0.0759	1.292323564E9
51.494273	0.0759	1.292323765E9
51.494273	0.0759	1.292324165E9
51.494273	0.0759	1.292323631E9
51.494273	0.0759	1.292323684E9
51.494273	0.0759	1.292324126E9
51.494273	0.0759	1.292329792E9
51.494273	0.0759	1.292329895E9
51.494273	0.0759	1.292323856E9
51.528966	-0.127555	1.180634233E9
51.529418	-0.127222	1.190132378E9
51.529715	-0.127282	1.208498893E9
51.528833	-0.127334	1.246303778E9
51.507086	-0.074157	1.252078934E9
51.507293	-0.076839	1.252078505E9
51.499766	-0.127297	1.251980365E9
51.500862	-0.120999	1.251982039E9
51.529745	-0.127609	1.17301294E9
51.529064	-0.127373	1.182064861E9
51.528878	-0.127223	1.182064979E9
51.529666	-0.127834	1.23401964E9
51.529666	-0.127834	1.234019677E9
51.529666	-0.127834	1.234019602E9
51.5298	-0.1276	1.234017472E9
51.594668	-0.25098	1.190897917E9