51.509854	-0.13418	1.181979048E9
51.509854	-0.13418	1.181979028E9
51.509924	-0.135204	1.196269491E9
51.504916	-0.146736	1.2170985E9
51.507493	-0.141448	1.290612284E9
51.509854	-0.13418	1.181985005E9
51.507974	-0.139474	1.18147789E9
51.5101	-0.1337	1.187358896E9
51.510148	-0.134432	1.203700837E9
51.509798	-0.134781	1.2107232E9
51.510184	-0.134561	1.210367397E9
51.510184	-0.134561	1.210347552E9
51.510184	-0.134561	1.210347523E9
51.50713	-0.141913	1.217098789E9
51.50978	-0.134947	1.23149811E9
51.510128	-0.134581	1.23382443E9
51.509937	-0.134496	1.208115523E9
51.509937	-0.134496	1.208115945E9
51.510111	-0.134346	1.259887383E9
51.510138	-0.134995	1.26143178E9
51.510074	-0.134518	1.264790906E9
51.510612	-0.134863	1.266763675E9
51.509677	-0.135108	1.274029992E9
51.509834	-0.134475	1.246128565E9
51.510104	-0.134797	1.282049207E9
51.508545	-0.138005	1.288021824E9
51.508982	-0.138541	1.288021924E9
51.508111	-0.139507	1.288022314E9
51.508989	-0.139507	1.288022143E9
51.508989	-0.139507	1.288022077E9
51.508111	-0.139507	1.288022885E9
51.508585	-0.139088	1.288022249E9
51.508338	-0.139721	1.288022834E9
51.508545	-0.138005	1.288021851E9
51.508585	-0.139088	1.288022873E9
51.508338	-0.139721	1.288022376E9
51.508545	-0.138005	1.288021844E9
51.508765	-0.139281	1.288022158E9
51.508585	-0.139088	1.28802228E9
51.508431	-0.138434	1.288022019E9
51.508431	-0.138434	1.288022005E9
51.508585	-0.139088	1.28802228E9
51.508682	-0.137618	1.288021966E9
51.510238	-0.134582	1.291916379E9
51.510071	-0.13485	1.173459554E9
51.508194	-0.139764	1.173818552E9
51.511012	-0.130119	1.174159923E9
51.506866	-0.142714	1.174221067E9
51.506866	-0.142714	1.174221253E9
51.506866	-0.142714	1.174221323E9
51.506866	-0.142714	1.174221339E9
51.506866	-0.142714	1.174221363E9
51.506866	-0.142714	1.174220882E9
51.506866	-0.142714	1.174221464E9
51.506866	-0.142714	1.174222015E9
51.506866	-0.142714	1.174220919E9
51.506866	-0.142714	1.174222019E9
51.506866	-0.142714	1.174221496E9
51.506866	-0.142714	1.174221172E9
51.506866	-0.142714	1.174220725E9
51.506866	-0.142714	1.174220878E9
51.506866	-0.142714	1.174221119E9
51.506866	-0.142714	1.174221775E9
51.506866	-0.142714	1.174220867E9
51.506866	-0.142714	1.174221978E9
51.506866	-0.142714	1.174221454E9
51.506866	-0.142714	1.174221346E9
51.506866	-0.142714	1.174221997E9
51.506866	-0.142714	1.174220912E9
51.506866	-0.142714	1.174222115E9
51.506866	-0.142714	1.174221486E9
51.506866	-0.142714	1.174221261E9
51.506866	-0.142714	1.174221334E9
51.506866	-0.142714	1.174221461E9
51.506866	-0.142714	1.174220786E9
51.506866	-0.142714	1.174221268E9
51.506866	-0.142714	1.174221072E9
51.506866	-0.142714	1.174222029E9
51.506866	-0.142714	1.174221491E9
51.506866	-0.142714	1.174220777E9
51.506866	-0.142714	1.174222039E9
51.506866	-0.142714	1.174222054E9
51.506866	-0.142714	1.174221062E9
51.506866	-0.142714	1.174222057E9
51.506866	-0.142714	1.174223781E9
51.506866	-0.142714	1.17422303E9
51.506866	-0.142714	1.1742233E9
51.506866	-0.142714	1.174223363E9
51.506866	-0.142714	1.174223036E9
51.506866	-0.142714	1.174223339E9
51.506866	-0.142714	1.17422336E9
51.506866	-0.142714	1.174223378E9
51.506866	-0.142714	1.174223403E9
51.506866	-0.142714	1.174224003E9
51.506866	-0.142714	1.174223342E9
51.506866	-0.142714	1.174223041E9
51.506866	-0.142714	1.174223281E9
51.506866	-0.142714	1.17422335E9
51.506866	-0.142714	1.174223448E9
51.506866	-0.142714	1.174223429E9
51.506866	-0.142714	1.174223385E9
51.506866	-0.142714	1.174223276E9
51.506866	-0.142714	1.174223291E9
51.506866	-0.142714	1.174223431E9
51.506866	-0.142714	1.174223332E9
51.506866	-0.142714	1.174223312E9
51.506866	-0.142714	1.174223358E9
51.506866	-0.142714	1.174223168E9
51.506866	-0.142714	1.174223421E9
51.506866	-0.142714	1.174223786E9
51.506866	-0.142714	1.174223265E9
51.506866	-0.142714	1.174223744E9
51.506866	-0.142714	1.174223138E9
51.506866	-0.142714	1.174222124E9
51.506866	-0.142714	1.174222337E9
51.506866	-0.142714	1.174222761E9
51.506866	-0.142714	1.174222139E9
51.506866	-0.142714	1.174222118E9
51.506866	-0.142714	1.174222856E9
51.506866	-0.142714	1.174222351E9
51.506866	-0.142714	1.174222848E9
51.506866	-0.142714	1.174222826E9
51.506866	-0.142714	1.174222272E9
51.506866	-0.142714	1.174223023E9
51.510051	-0.134936	1.173113895E9
51.508842	-0.137221	1.175502422E9
51.510144	-0.134453	1.176567358E9
51.510144	-0.134453	1.176567419E9
51.510144	-0.134453	1.176567406E9
51.510144	-0.134453	1.176567426E9
51.510144	-0.134453	1.176583736E9
51.510144	-0.134453	1.176567512E9
51.510051	-0.134904	1.172168696E9
51.509951	-0.13426	1.179758886E9
51.510057	-0.13463	1.182177083E9
51.510037	-0.134936	1.182610178E9
51.510017	-0.134614	1.181162872E9
51.510164	-0.134389	1.182091032E9
51.506799	-0.14265	1.186595108E9
51.509997	-0.134732	1.17805398E9
51.508819	-0.141373	1.189761304E9
51.510451	-0.135896	1.188524898E9
51.510067	-0.134888	1.193505262E9
51.510011	-0.1344	1.183154149E9
51.510011	-0.1344	1.183154159E9
51.510011	-0.1344	1.185658311E9
51.510138	-0.134174	1.196968761E9
51.509256	-0.136513	1.197464539E9
51.503867	-0.149077	1.197474193E9
51.503867	-0.149077	1.197467807E9
51.50988	-0.134582	1.196937764E9
51.50988	-0.134582	1.196937861E9
51.510077	-0.134577	1.196191356E9
51.510077	-0.135129	1.1981816E9
51.508451	-0.137575	1.200602911E9
51.508451	-0.137575	1.200602264E9
51.508451	-0.137575	1.200599015E9
51.508451	-0.137575	1.200601222E9
51.508451	-0.137575	1.200602154E9
51.508451	-0.137575	1.200601644E9
51.509824	-0.13617	1.202911114E9
51.509353	-0.135955	1.20290769E9
51.509353	-0.135955	1.202907682E9
51.510148	-0.134432	1.203701004E9
51.510148	-0.134432	1.203700981E9
51.510331	-0.134695	1.2053485E9
51.510331	-0.134695	1.205348482E9
51.510131	-0.134662	1.208318279E9
51.510134	-0.134614	1.208624236E9
51.510134	-0.134614	1.208624243E9
51.510134	-0.134614	1.208624144E9
51.510134	-0.134614	1.208624187E9
51.510134	-0.134614	1.208624131E9
51.510845	-0.129754	1.208857529E9
51.504702	-0.147993	1.209905771E9
51.504702	-0.147993	1.209905742E9
51.504702	-0.147993	1.20990537E9
51.504702	-0.147993	1.209905765E9
51.510134	-0.13441	1.210857274E9
51.510031	-0.134614	1.212942879E9
51.510097	-0.135601	1.212941748E9
51.510341	-0.135097	1.212941902E9
51.505244	-0.146169	1.213896117E9
51.510041	-0.135478	1.216657709E9
51.509971	-0.134872	1.216336511E9
51.510291	-0.134721	1.19599629E9
51.506711	-0.131963	1.214683581E9
51.509918	-0.134035	1.216725235E9
51.509533	-0.135602	1.220026001E9
51.509533	-0.135602	1.220026033E9
51.509533	-0.135602	1.220025963E9
51.509533	-0.135602	1.220025944E9
51.504937	-0.146183	1.177579841E9
51.510044	-0.134475	1.22082605E9
51.510116	-0.134598	1.222527888E9
51.510116	-0.134598	1.222544201E9
51.510116	-0.134598	1.222544108E9
51.510116	-0.134598	1.22254445E9
51.510116	-0.134598	1.222544277E9
51.510116	-0.134598	1.222544374E9
51.510116	-0.134598	1.222527887E9
51.510116	-0.134598	1.222544186E9
51.510116	-0.134598	1.222527794E9
51.510116	-0.134598	1.222544412E9
51.510116	-0.134598	1.22254414E9
51.501869	-0.140617	1.222521796E9
51.510226	-0.134561	1.224574238E9
51.510226	-0.134561	1.224574234E9
51.510226	-0.134561	1.22457421E9
51.510226	-0.134561	1.224574242E9
51.509837	-0.138005	1.227907625E9
51.509837	-0.138005	1.227909748E9
51.509837	-0.138005	1.227906319E9
51.509837	-0.138005	1.227907279E9
51.509837	-0.138005	1.227905409E9
51.509837	-0.138005	1.227905087E9
51.509837	-0.138005	1.227907304E9
51.509837	-0.138005	1.227904882E9
51.509837	-0.138005	1.227904845E9
51.509837	-0.138005	1.227904949E9
51.509837	-0.138005	1.227904936E9
51.509837	-0.138005	1.227904865E9
51.510128	-0.134807	1.203012819E9
51.510128	-0.134807	1.203012819E9
51.510144	-0.134367	1.228057882E9
51.510272	-0.134555	1.230564402E9
51.510144	-0.134367	1.230927455E9
51.510144	-0.134367	1.230926934E9
51.510346	-0.135097	1.230926735E9
51.509924	-0.134539	1.230047934E9
51.509957	-0.134829	1.23161064E9
51.510151	-0.133949	1.208627617E9
51.509777	-0.135031	1.234713547E9
51.509777	-0.135031	1.23471351E9
51.51	-0.134334	1.237402581E9
51.510017	-0.134721	1.239027827E9
51.500872	-0.121182	1.241105072E9
51.509807	-0.134904	1.242223441E9
51.50985	-0.134475	1.243852458E9
51.510154	-0.134754	1.187366823E9
51.509857	-0.134673	1.245970086E9
51.509811	-0.134829	1.241829199E9
51.509998	-0.1345	1.252279719E9
51.509998	-0.1345	1.252274257E9
51.509998	-0.1345	1.252274239E9
51.509904	-0.134196	1.24622032E9
51.510061	-0.134249	1.25406977E9
51.510061	-0.134249	1.254069815E9
51.510061	-0.134249	1.254069801E9
51.510061	-0.134249	1.254069783E9
51.508266	-0.139775	1.254319622E9
51.508787	-0.139249	1.254319826E9
51.508819	-0.137366	1.255450957E9
51.511388	-0.133334	1.259252411E9
51.51	-0.133834	1.259927479E9
51.510033	-0.134492	1.259355238E9
51.510074	-0.134507	1.260028163E9
51.510084	-0.134325	1.261248829E9
51.510138	-0.134443	1.26107276E9
51.509917	-0.134464	1.261225876E9
51.508787	-0.139249	1.202808908E9
51.50968	-0.135108	1.264861523E9
51.509937	-0.134485	1.2514736E9
51.509924	-0.134464	1.251473582E9
51.508833	-0.139167	1.270396935E9
51.510044	-0.134571	1.273436167E9
51.494396	-0.174	1.270321151E9
51.508632	-0.138916	1.276444316E9
51.508448	-0.13867	1.276444347E9
51.508465	-0.138916	1.278272976E9
51.508465	-0.13838	1.278858423E9
51.508408	-0.139024	1.278859893E9
51.508368	-0.139088	1.278859239E9
51.510278	-0.134582	1.279062863E9
51.510278	-0.134582	1.279062815E9
51.510278	-0.134582	1.279062978E9
51.509787	-0.134775	1.277205134E9
51.509777	-0.134936	1.282994071E9
51.510211	-0.134518	1.252942899E9
51.508338	-0.139721	1.288022805E9
51.510755	-0.135644	1.282404843E9
51.509914	-0.135	1.28441125E9
51.509697	-0.134979	1.292101879E9
51.510211	-0.134518	1.293638131E9
51.510211	-0.134518	1.293638229E9
51.510211	-0.134518	1.293638254E9
51.510211	-0.134518	1.293638149E9
51.510211	-0.134518	1.293638242E9
51.510211	-0.134518	1.293638265E9
51.510211	-0.134518	1.293638214E9
51.506866	-0.142714	1.174220603E9
51.506866	-0.142714	1.174222493E9
51.509854	-0.135194	1.177099402E9
51.510084	-0.134603	1.180196335E9
51.510084	-0.134603	1.180196347E9
51.509487	-0.135859	1.183831332E9
51.510004	-0.134518	1.185795874E9
51.510004	-0.134518	1.185795162E9
51.507937	-0.140982	1.183320227E9
51.506835	-0.143235	1.183319862E9
51.509997	-0.135183	1.185649098E9
51.510144	-0.13463	1.188524552E9
51.509744	-0.135033	1.191798294E9
51.510248	-0.134078	1.196949472E9
51.510248	-0.134078	1.196949379E9
51.510118	-0.134587	1.197745872E9
51.510118	-0.134587	1.197745812E9
51.507827	-0.135199	1.200048487E9
51.510101	-0.134335	1.199808269E9
51.615928	-0.132919	1.203253098E9
51.509997	-0.133439	1.205348688E9
51.508295	-0.138927	1.205589948E9
51.509974	-0.134421	1.209767194E9
51.510041	-0.134421	1.218636244E9
51.510097	-0.134346	1.199715368E9
51.510087	-0.13441	1.212453972E9
51.510144	-0.134367	1.23092699E9
51.510144	-0.134367	1.230926989E9
51.510144	-0.134367	1.230926985E9
51.510144	-0.134367	1.230926982E9
51.507039	-0.142318	1.231937713E9
51.510234	-0.13455	1.229786719E9
51.510011	-0.134931	1.232469376E9
51.509824	-0.134947	1.240058923E9
51.509583	-0.135258	1.244476606E9
51.510194	-0.133177	1.246717128E9
51.509811	-0.134829	1.247194384E9
51.509638	-0.134834	1.248111281E9
51.510355	-0.134753	1.249492218E9
51.510368	-0.134527	1.249493705E9
51.510368	-0.134527	1.249492499E9
51.510368	-0.134527	1.249490436E9
51.509849	-0.134625	1.250777603E9
51.506421	-0.13985	1.253465202E9
51.510134	-0.134421	1.253739058E9
51.510061	-0.134249	1.254069829E9
51.510061	-0.134249	1.254069847E9
51.510184	-0.135076	1.2563292E9
51.510218	-0.134544	1.246637176E9
51.510218	-0.134544	1.246616966E9
51.510218	-0.134544	1.246617232E9
51.509143	-0.135515	1.259342743E9
51.505253	-0.142028	1.263562107E9
51.509991	-0.134679	1.267220985E9
51.504	-0.1485	1.268830629E9
51.504	-0.1485	1.268830579E9
51.504	-0.1485	1.268837298E9
51.504	-0.1485	1.268837072E9
51.504	-0.1485	1.268837146E9
51.504	-0.1485	1.268837365E9
51.455666	-0.153334	1.26883053E9
51.504	-0.1485	1.268837515E9
51.504	-0.1485	1.268837049E9
51.504	-0.1485	1.268830596E9
51.510822	-0.135539	1.271407644E9
51.508261	-0.139743	1.278272926E9
51.508261	-0.139743	1.278272913E9
51.512462	-0.116487	1.278701077E9
51.508792	-0.139281	1.278852179E9
51.507964	-0.140579	1.277060589E9
51.507844	-0.140837	1.277060377E9
51.509827	-0.134464	1.277205075E9
51.509887	-0.135033	1.277204961E9
51.509947	-0.134367	1.252942837E9
51.509977	-0.13455	1.288190734E9
51.509917	-0.135515	1.289664921E9
51.509697	-0.134979	1.292102462E9
51.509697	-0.134979	1.292103642E9
51.509697	-0.134979	1.292105922E9
51.506672	-0.143208	1.291489032E9
51.506672	-0.143208	1.291488984E9
51.506672	-0.143208	1.291488871E9
51.506672	-0.143208	1.291488924E9
51.509697	-0.134979	1.292105544E9
51.509697	-0.134979	1.292103923E9
51.509816	-0.13492	1.292074545E9
51.510505	-0.131471	1.293638307E9
51.510505	-0.131471	1.293638512E9
51.510505	-0.131471	1.293638385E9
51.510505	-0.131471	1.293638366E9
51.510164	-0.134636	1.279975423E9
51.505239	-0.14618	1.17503341E9
51.523163	-0.124347	1.17543538E9
51.510061	-0.13455	1.180316924E9
51.510004	-0.134518	1.185795867E9
51.510004	-0.134518	1.185795156E9
51.510124	-0.134582	1.187120317E9
51.509974	-0.134888	1.187533922E9
51.508896	-0.13794	1.188741217E9
51.510144	-0.13463	1.18852433E9
51.510144	-0.13463	1.188524609E9
51.510144	-0.13463	1.188524497E9
51.510144	-0.13463	1.188524528E9
51.510552	-0.134003	1.191095054E9
51.510218	-0.134636	1.193869082E9
51.50877	-0.137919	1.196501878E9
51.509977	-0.136063	1.196986887E9
51.510158	-0.134378	1.196962639E9
51.509977	-0.136063	1.196986859E9
51.51	-0.131944	1.192825105E9
51.509722	-0.134166	1.192820967E9
51.509722	-0.134166	1.192820967E9
51.509722	-0.134166	1.192820912E9
51.509722	-0.134166	1.192820912E9
51.509722	-0.133333	1.192792055E9
51.509722	-0.133333	1.192792034E9
51.509722	-0.134444	1.192791229E9
51.508333	-0.131666	1.192792321E9
51.508333	-0.131666	1.19279231E9
51.509722	-0.133611	1.19297335E9
51.509722	-0.133333	1.192973259E9
51.51	-0.132222	1.192973085E9
51.509722	-0.133333	1.192973278E9
51.51	-0.1325	1.192973154E9
51.51	-0.132222	1.192973102E9
51.51	-0.1325	1.192973143E9
51.508802	-0.139228	1.199301133E9
51.506755	-0.142221	1.192804528E9
51.510164	-0.134625	1.195341511E9
51.510037	-0.133531	1.167609666E9
51.510037	-0.133531	1.167609921E9
51.510037	-0.133531	1.167609674E9
51.508776	-0.136187	1.201970665E9
51.510031	-0.134539	1.206370413E9
51.509837	-0.13455	1.208550755E9
51.510218	-0.13441	1.209747926E9
51.510218	-0.13441	1.209763385E9
51.510646	-0.13042	1.192975224E9
51.509834	-0.133333	1.192842441E9
51.510592	-0.130087	1.192975182E9
51.510206	-0.133115	1.192978351E9
51.509667	-0.1345	1.19284155E9
51.510332	-0.132437	1.192978292E9
51.509499	-0.134667	1.192841426E9
51.509667	-0.134333	1.192841618E9
51.510131	-0.133488	1.192978468E9
51.509667	-0.1345	1.192841527E9
51.510206	-0.133115	1.192978323E9
51.509361	-0.135609	1.217077163E9
51.508411	-0.138884	1.217877522E9
51.510057	-0.134561	1.221772999E9
51.508648	-0.139367	1.224016127E9
51.510071	-0.135113	1.22704603E9
51.510071	-0.135113	1.227046076E9
51.510111	-0.134346	1.22894707E9
51.511727	-0.132533	1.228950771E9
51.511106	-0.133928	1.228941984E9
51.51145	-0.132136	1.228939721E9
51.511106	-0.133928	1.228939331E9
51.510278	-0.134593	1.228938812E9
51.511106	-0.133928	1.228939312E9
51.510144	-0.134367	1.228057932E9
51.510134	-0.134582	1.22849306E9
51.510178	-0.135	1.231497911E9
51.510114	-0.134421	1.223732408E9
51.508922	-0.13853	1.23184501E9
51.510001	-0.135108	1.232055908E9
51.508395	-0.138391	1.232215962E9
51.510104	-0.134561	1.23212894E9
51.508121	-0.139501	1.231708473E9
51.510111	-0.134443	1.232130022E9
51.509931	-0.134689	1.234286661E9
51.50778	-0.140097	1.234014435E9
51.509954	-0.134367	1.235913677E9
51.510001	-0.134614	1.216059663E9
51.510031	-0.13499	1.237722817E9
51.510111	-0.134684	1.24100407E9
51.50981	-0.134829	1.241473277E9
51.5125	-0.136945	1.242133357E9
51.509911	-0.134464	1.233573297E9
51.509383	-0.134512	1.239463748E9
51.510094	-0.135389	1.243509625E9
51.510094	-0.135389	1.243509202E9
51.509971	-0.134528	1.246667176E9
51.509083	-0.134153	1.246720661E9
51.509931	-0.134453	1.246711605E9
51.509931	-0.134453	1.2467116E9
51.509072	-0.133917	1.246711716E9
51.507911	-0.140333	1.247141272E9
51.510101	-0.134367	1.23879333E9
51.509811	-0.134829	1.248728204E9
51.510368	-0.134527	1.24949249E9
51.510368	-0.134527	1.24949393E9
51.510368	-0.134527	1.249492515E9
51.511279	-0.134174	1.249493824E9
51.510355	-0.134753	1.249492355E9
51.510368	-0.134527	1.249492396E9
51.510355	-0.134753	1.249492247E9
51.510355	-0.134753	1.249492295E9
51.510388	-0.134892	1.249493775E9
51.510355	-0.134753	1.249492207E9
51.509931	-0.134603	1.250290968E9
51.509849	-0.134625	1.250777621E9
51.510198	-0.132376	1.251788963E9
51.510051	-0.134619	1.251789061E9
51.508762	-0.139281	1.253373084E9
51.509883	-0.134367	1.253785708E9
51.508762	-0.139281	1.254473933E9
51.510184	-0.135076	1.256329396E9
51.509811	-0.134829	1.260460152E9
51.509811	-0.134829	1.260460167E9
51.510436	-0.134498	1.261473735E9
51.509593	-0.135151	1.26159822E9
51.504755	-0.141888	1.263562209E9
51.50982	-0.134764	1.181469473E9
51.508472	-0.139002	1.258822349E9
51.510298	-0.134603	1.270078735E9
51.508876	-0.139324	1.273603707E9
51.509306	-0.135526	1.27426696E9
51.508876	-0.139324	1.274989247E9
51.50987	-0.134582	1.277857612E9
51.523069	-0.124389	1.275159368E9
51.508465	-0.138916	1.278272951E9
51.508909	-0.139346	1.279475866E9
51.510071	-0.134362	1.278239959E9
51.50755	-0.141513	1.277204292E9
51.508585	-0.13911	1.277204541E9
51.50961	-0.134652	1.283968744E9
51.508401	-0.139077	1.286829597E9
51.510077	-0.134561	1.286029278E9
51.508682	-0.137618	1.288021724E9
51.507797	-0.1403	1.288022614E9
51.508592	-0.133616	1.289347634E9
51.510161	-0.134507	1.255022107E9
51.510017	-0.134941	1.288929343E9
51.510017	-0.134941	1.288929384E9
51.5114	-0.133264	1.290158376E9
51.509697	-0.134979	1.292103902E9
51.509697	-0.134979	1.292101649E9
51.509697	-0.134979	1.292103023E9
51.506672	-0.143208	1.291489028E9
51.510017	-0.134528	1.291478989E9
51.509697	-0.134979	1.292276648E9
51.509697	-0.134979	1.29210551E9
51.509697	-0.134979	1.292103724E9
51.509697	-0.134979	1.292103479E9
51.5085	-0.1385	1.291027616E9
51.508598	-0.138058	1.293025548E9
51.505166	-0.144104	1.292855627E9
51.510213	-0.1347	1.293498487E9
51.510213	-0.1347	1.293498469E9
51.507767	-0.140579	1.282973701E9
51.509887	-0.133391	1.170543621E9
51.510331	-0.134614	1.170543631E9
51.509924	-0.134555	1.171130018E9
51.509924	-0.134555	1.171129931E9
51.509924	-0.134555	1.171129952E9
51.509924	-0.134555	1.171130069E9
51.510007	-0.134389	1.175777551E9
51.510007	-0.134389	1.175777587E9
51.510007	-0.134389	1.175777392E9
51.510532	-0.131074	1.177944891E9
51.506278	-0.14412	1.181560686E9
51.509904	-0.134603	1.185830415E9
51.509904	-0.134603	1.185832464E9
51.506672	-0.142918	1.185311128E9
51.510124	-0.134582	1.187120279E9
51.509951	-0.134432	1.188107787E9
51.508989	-0.136535	1.188741903E9
51.50961	-0.135971	1.192714379E9
51.509423	-0.135982	1.19271435E9
51.510251	-0.134561	1.196177295E9
51.509844	-0.135333	1.197751199E9
51.510017	-0.134958	1.19775177E9
51.509557	-0.134797	1.197743907E9
51.509984	-0.134491	1.180520563E9
51.508776	-0.136187	1.201972225E9
51.508776	-0.136187	1.201972204E9
51.508896	-0.139485	1.203173102E9
51.509286	-0.136476	1.205596319E9
51.509413	-0.135805	1.209565727E9
51.509667	-0.135102	1.202922208E9
51.510138	-0.134389	1.210887695E9
51.509096	-0.136899	1.212187539E9
51.50731	-0.141427	1.21215413E9
51.509667	-0.1345	1.19284148E9
51.505613	-0.0753	1.213144362E9
51.509991	-0.134786	1.213144376E9
51.509991	-0.134786	1.213144385E9
51.509991	-0.134689	1.215474957E9
51.509991	-0.134689	1.215474482E9
51.509951	-0.134432	1.214100122E9
51.509343	-0.137157	1.219413372E9
51.503428	-0.280929	1.220960119E9
51.509777	-0.135	1.221318813E9
51.510044	-0.134947	1.221737488E9
51.510031	-0.134925	1.221563391E9
51.510031	-0.134925	1.221563425E9
51.510031	-0.134925	1.221563186E9
51.510031	-0.134925	1.221563326E9
51.510031	-0.134925	1.221563153E9
51.508648	-0.139367	1.222888096E9
51.509122	-0.13654	1.222523311E9
51.510114	-0.134571	1.224259779E9
51.50684	-0.142784	1.227580469E9
51.510184	-0.134721	1.227024664E9
51.510037	-0.133434	1.228127232E9
51.510178	-0.133616	1.229075286E9
51.511106	-0.133928	1.228942491E9
51.511106	-0.133928	1.22894313E9
51.511106	-0.133928	1.228943107E9
51.509106	-0.136771	1.230051006E9
51.50978	-0.134947	1.231498101E9
51.506896	-0.142747	1.231937784E9
51.509944	-0.134282	1.223732408E9
51.507006	-0.142259	1.23322402E9
51.508695	-0.137763	1.231708611E9
51.50766	-0.127941	1.234824065E9
51.510154	-0.134679	1.235325353E9
51.509824	-0.134561	1.234528929E9
51.513101	-0.101128	1.236946375E9
51.503036	-0.280312	1.233455249E9
51.510027	-0.134528	1.269191443E9
51.512222	-0.135556	1.238589331E9
51.509834	-0.134239	1.238270222E9
51.509951	-0.134775	1.206371922E9
51.508939	-0.139356	1.240056699E9
51.508752	-0.139346	1.240056285E9
51.503251	-0.142221	1.240573093E9
51.510174	-0.13441	1.229182454E9
51.510174	-0.13441	1.229182445E9
51.506271	-0.141985	1.24094412E9
51.490328	-0.215558	1.237053138E9
51.509951	-0.134732	1.241990144E9
51.509951	-0.134732	1.241990288E9
51.504929	-0.146614	1.243087578E9
51.510081	-0.134464	1.242763537E9
51.508662	-0.136588	1.24309394E9
51.510094	-0.135389	1.243509094E9
51.510094	-0.135389	1.243509108E9
51.513838	-0.10092	1.243613626E9
51.509877	-0.134668	1.245269109E9
51.508876	-0.139356	1.246569384E9
51.509029	-0.139485	1.246569247E9
51.508876	-0.139356	1.246569409E9
51.511926	-0.131631	1.246973419E9
51.505718	-0.122193	1.247143753E9
51.511318	-0.135955	1.246980767E9
51.511318	-0.135955	1.246980753E9
51.511318	-0.135955	1.246980764E9
51.505928	-0.126886	1.247131611E9
51.509931	-0.134453	1.246711694E9
51.508842	-0.13676	1.247870586E9
51.509916	-0.133723	1.246544872E9
51.510171	-0.134475	1.249403103E9
51.510355	-0.134753	1.249493529E9
51.509694	-0.134528	1.249742663E9
51.509562	-0.135097	1.250281205E9
51.509562	-0.135097	1.25028568E9
51.509562	-0.135097	1.25028651E9
51.509562	-0.135097	1.250287186E9
51.509562	-0.135097	1.250286308E9
51.509562	-0.135097	1.250285612E9
51.509562	-0.135097	1.250287071E9
51.509562	-0.135097	1.250287405E9
51.509562	-0.135097	1.250281453E9
51.509562	-0.135097	1.250281195E9
51.509562	-0.135097	1.250285435E9
51.508849	-0.139447	1.251789549E9
51.508929	-0.139811	1.251789626E9
51.508849	-0.139447	1.251789528E9
51.508762	-0.139281	1.25336989E9
51.508762	-0.139281	1.253375914E9
51.508635	-0.138058	1.253797521E9
51.510311	-0.132544	1.251026336E9
51.50972	-0.134636	1.251026515E9
51.51023	-0.134625	1.250960087E9
51.509911	-0.134464	1.252856918E9
51.509911	-0.134464	1.252856543E9
51.509911	-0.134464	1.252856752E9
51.509911	-0.134464	1.252857147E9
51.509911	-0.134464	1.252857233E9
51.508762	-0.139281	1.254473831E9
51.508762	-0.139281	1.254473865E9
51.50989	-0.134121	1.254437823E9
51.509931	-0.134603	1.253912784E9
51.503399	-0.141707	1.257177105E9
51.504015	-0.142161	1.257177061E9
51.50972	-0.134636	1.251026535E9
51.509814	-0.134668	1.25847336E9
51.510017	-0.134861	1.249831944E9
51.509283	-0.136127	1.260901002E9
51.509694	-0.134743	1.261597381E9
51.508261	-0.13971	1.259864062E9
51.508261	-0.13971	1.259863982E9
51.508765	-0.139389	1.261829887E9
51.504755	-0.141888	1.263562201E9
51.510044	-0.134518	1.181469443E9
51.510375	-0.134485	1.181469502E9
51.510061	-0.13441	1.257002563E9
51.50989	-0.134325	1.265913079E9
51.510144	-0.134561	1.266325531E9
51.510044	-0.134721	1.222043368E9
51.510044	-0.134721	1.222043268E9
51.510044	-0.134721	1.222042617E9
51.510051	-0.134325	1.267805948E9
51.510136	-0.134866	1.24147229E9
51.509199	-0.136191	1.26781631E9
51.510315	-0.134571	1.218447108E9
51.508982	-0.13971	1.200843074E9
51.509934	-0.134705	1.263067257E9
51.510498	-0.130623	1.271538392E9
51.510131	-0.134357	1.270079916E9
51.508482	-0.138981	1.271487117E9
51.508001	-0.140225	1.266756585E9
51.506732	-0.14309	1.273509318E9
51.512127	-0.115646	1.273897983E9
51.512127	-0.115646	1.273898039E9
51.50987	-0.134743	1.275143439E9
51.507884	-0.140182	1.277479059E9
51.507186	-0.141459	1.278417483E9
51.510084	-0.134228	1.263676841E9
51.510037	-0.134196	1.278889256E9
51.510037	-0.134196	1.278025214E9
51.5093	-0.13989	1.280777798E9
51.508465	-0.138638	1.281182637E9
51.508221	-0.140005	1.280915971E9
51.50754	-0.141352	1.28482342E9
51.508795	-0.137833	1.284823978E9
51.508795	-0.137833	1.284824247E9
51.50754	-0.141352	1.284823615E9
51.508795	-0.137833	1.284823974E9
51.509263	-0.136342	1.284824867E9
51.508795	-0.137833	1.284824008E9
51.50754	-0.141352	1.284823564E9
51.50754	-0.141352	1.28482367E9
51.50754	-0.141352	1.284823683E9
51.508795	-0.137833	1.28482435E9
51.506378	-0.143723	1.284823322E9
51.506378	-0.143723	1.284822683E9
51.506378	-0.143723	1.28482199E9
51.504979	-0.146577	1.284820093E9
51.504979	-0.146577	1.284818889E9
51.504979	-0.146577	1.284818611E9
51.506378	-0.143723	1.284822598E9
51.506378	-0.143723	1.284822764E9
51.506378	-0.143723	1.284822693E9
51.504979	-0.146577	1.284818158E9
51.504979	-0.146577	1.284820172E9
51.506378	-0.143723	1.284822658E9
51.504979	-0.146577	1.284818684E9
51.504979	-0.146577	1.284818234E9
51.504067	-0.148422	1.284815621E9
51.504067	-0.148422	1.284817054E9
51.504067	-0.148422	1.284815636E9
51.504067	-0.148422	1.284816293E9
51.504979	-0.146577	1.284817602E9
51.504067	-0.148422	1.284815714E9
51.504067	-0.148422	1.284816547E9
51.509747	-0.13499	1.286829611E9
51.50762	-0.140687	1.288022635E9
51.510105	-0.134432	1.288205062E9
51.509952	-0.134659	1.277843489E9
51.510124	-0.134614	1.246123972E9
51.496968	-0.168936	1.289147684E9
51.497045	-0.169032	1.289147836E9
51.510097	-0.134378	1.290859948E9
51.509249	-0.137007	1.291157681E9
51.509209	-0.136985	1.291157663E9
51.509213	-0.137007	1.291157674E9
51.458238	-0.052109	1.291508922E9
51.458238	-0.052109	1.291511055E9
51.458238	-0.052109	1.291509516E9
51.458238	-0.052109	1.291508915E9
51.458238	-0.052109	1.291508903E9
51.458238	-0.052109	1.291509398E9
51.458238	-0.052109	1.291508847E9
51.458238	-0.052109	1.291508946E9
51.458238	-0.052109	1.291509376E9
51.458238	-0.052109	1.291498663E9
51.458238	-0.052109	1.291498928E9
51.458238	-0.052109	1.291499368E9
51.458238	-0.052109	1.291498663E9
51.458238	-0.052109	1.291508843E9
51.458238	-0.052109	1.291498876E9
51.458238	-0.052109	1.291498534E9
51.458238	-0.052109	1.291498719E9
51.458238	-0.052109	1.291499156E9
51.458238	-0.052109	1.291499112E9
51.458238	-0.052109	1.291498327E9
51.458238	-0.052109	1.291506107E9
51.458238	-0.052109	1.291498594E9
51.458238	-0.052109	1.291499073E9
51.458238	-0.052109	1.291498566E9
51.458238	-0.052109	1.291499082E9
51.458238	-0.052109	1.291497057E9
51.458238	-0.052109	1.291496935E9
51.458238	-0.052109	1.29149182E9
51.458238	-0.052109	1.291497993E9
51.458238	-0.052109	1.291498196E9
51.458238	-0.052109	1.291491747E9
51.458238	-0.052109	1.291498217E9
51.458238	-0.052109	1.291498028E9
51.458238	-0.052109	1.291491851E9
51.458238	-0.052109	1.291497404E9
51.458238	-0.052109	1.291498282E9
51.458238	-0.052109	1.291497833E9
51.458238	-0.052109	1.291498269E9
51.506849	-0.142146	1.261499517E9
51.507326	-0.141288	1.261499421E9
51.508598	-0.138058	1.293025554E9
51.507954	-0.140038	1.170361478E9
51.509839	-0.134652	1.171900952E9
51.508061	-0.137951	1.172925661E9
51.508061	-0.137951	1.172925678E9
51.508061	-0.137951	1.172925666E9
51.509106	-0.141524	1.172847613E9
51.510124	-0.139828	1.17291968E9
51.510124	-0.139828	1.172919644E9
51.509106	-0.141524	1.172847584E9
51.508061	-0.137951	1.172925732E9
51.508061	-0.137951	1.172925706E9
51.508401	-0.136771	1.183214725E9
51.50939	-0.137683	1.183503897E9
51.50939	-0.137683	1.183503882E9
51.506398	-0.143637	1.183830646E9
51.509555	-0.134835	1.185226796E9
51.510605	-0.135376	1.184972021E9
51.510605	-0.135376	1.184971858E9
51.511246	-0.128424	1.185915966E9
51.510298	-0.134872	1.173418189E9
51.509049	-0.136224	1.187634868E9
51.510161	-0.134389	1.172500183E9
51.508992	-0.137618	1.188741251E9
51.508855	-0.139346	1.188739843E9
51.508855	-0.139346	1.188739605E9
51.508855	-0.139303	1.18803384E9
51.508909	-0.139464	1.191676763E9
51.508909	-0.139464	1.191676889E9
51.508909	-0.139464	1.191676825E9
51.508909	-0.139464	1.191676853E9
51.508909	-0.139464	1.191676928E9
51.508909	-0.139464	1.191677036E9
51.508909	-0.139464	1.191676655E9
51.508909	-0.139464	1.191676737E9
51.509897	-0.134593	1.191397916E9
51.510034	-0.134952	1.19403431E9
51.510114	-0.133241	1.190514535E9
51.50985	-0.134775	1.19593243E9
51.510024	-0.134582	1.196026709E9
51.490198	-0.19594	1.196613993E9
51.509844	-0.135333	1.197748888E9
51.510017	-0.134958	1.197751525E9
51.508742	-0.139233	1.19781349E9
51.510157	-0.134505	1.198457731E9
51.50782	-0.127243	1.182582375E9
51.510278	-0.134636	1.20033487E9
51.509984	-0.134491	1.180520586E9
51.50897	-0.13505	1.201776058E9
51.510134	-0.134743	1.19733073E9
51.510004	-0.135891	1.197331873E9
51.510004	-0.135891	1.197331403E9
51.510118	-0.13455	1.194878555E9
51.508535	-0.139313	1.203173E9
51.508535	-0.139313	1.203172972E9
51.508535	-0.139313	1.203173031E9
51.510278	-0.134636	1.204828675E9
51.510047	-0.134539	1.204829657E9
51.50983	-0.134679	1.203792724E9
51.509123	-0.133166	1.20627849E9
51.509931	-0.134292	1.201899256E9
51.510164	-0.134582	1.211733721E9
51.510164	-0.134582	1.211733578E9
51.510164	-0.134582	1.211733037E9
51.510164	-0.134582	1.211733077E9
51.509991	-0.134786	1.211942743E9
51.50983	-0.134904	1.212188877E9
51.493017	-0.2245	1.212333E9
51.508034	-0.13941	1.213390561E9
51.509911	-0.133418	1.214150741E9
51.509904	-0.134791	1.181699137E9
51.509904	-0.134791	1.182540827E9
51.510044	-0.135108	1.214487586E9
51.510459	-0.135757	1.215861916E9
51.492122	-0.223782	1.216317995E9
51.493628	-0.225048	1.216317149E9
51.492122	-0.223782	1.216317981E9
51.510258	-0.13514	1.218402901E9
51.509961	-0.135709	1.218403068E9
51.509864	-0.134603	1.216823671E9
51.507941	-0.140286	1.219869539E9
51.501578	-0.279126	1.220962054E9
51.499354	-0.314403	1.220961484E9
51.501578	-0.279126	1.220962054E9
51.499354	-0.314403	1.220961456E9
51.501103	-0.307193	1.220961648E9
51.500395	-0.309618	1.220960985E9
51.499487	-0.314006	1.220961024E9
51.499434	-0.314843	1.220960858E9
51.503428	-0.280929	1.220960197E9
51.505077	-0.28375	1.220960296E9
51.503428	-0.280929	1.220960191E9
51.504182	-0.282281	1.220960164E9
51.505077	-0.28375	1.220960296E9
51.503428	-0.280929	1.220960192E9
51.504182	-0.282281	1.220959984E9
51.503234	-0.280929	1.220959941E9
51.503234	-0.280929	1.220959648E9
51.504182	-0.282281	1.220959884E9
51.504182	-0.282281	1.220959962E9
51.504182	-0.282281	1.220959883E9
51.515193	-0.300745	1.220958871E9
51.504182	-0.282281	1.220959893E9
51.504182	-0.282281	1.220959891E9
51.504182	-0.282281	1.220959687E9
51.504182	-0.282281	1.220959974E9
51.504182	-0.282281	1.220959966E9
51.504182	-0.282281	1.22095998E9
51.504182	-0.282281	1.220959594E9
51.510044	-0.134947	1.221737492E9
51.509737	-0.134882	1.222008967E9
51.512194	-0.115742	1.22227193E9
51.506729	-0.145492	1.223213913E9
51.509089	-0.137211	1.224356877E9
51.510164	-0.134582	1.226944289E9
51.510164	-0.134582	1.226944228E9
51.510164	-0.134582	1.226944355E9
51.510164	-0.134582	1.226944419E9
51.510164	-0.134582	1.226943854E9
51.510164	-0.134582	1.226943987E9
51.510164	-0.134582	1.226944111E9
51.510164	-0.134582	1.226944164E9
51.510164	-0.134582	1.226943903E9
51.510164	-0.134582	1.226944059E9
51.510164	-0.134582	1.22694326E9
51.510164	-0.134582	1.226943425E9
51.510164	-0.134582	1.226943312E9
51.510164	-0.134582	1.226943383E9
51.510164	-0.134582	1.226943542E9
51.510164	-0.134582	1.22694335E9
51.510144	-0.134475	1.22470613E9
51.507276	-0.142275	1.228314822E9
51.510134	-0.134582	1.228493539E9
51.510134	-0.134582	1.228493335E9
51.511106	-0.133928	1.228944242E9
51.511106	-0.133928	1.22894425E9
51.510692	-0.136663	1.229473926E9
51.510111	-0.134389	1.218322541E9
51.510094	-0.134539	1.228832382E9
51.50962	-0.135204	1.230051147E9
51.509259	-0.136427	1.230051029E9
51.507166	-0.132651	1.231001447E9
51.510097	-0.134325	1.231711233E9
51.507039	-0.142318	1.231937723E9
51.510204	-0.134561	1.218480606E9
51.509844	-0.134979	1.232989832E9
51.506582	-0.144667	1.230768E9
51.50551	-0.145386	1.23170775E9
51.509383	-0.135966	1.233409964E9
51.506896	-0.142747	1.231937771E9
51.508822	-0.135923	1.209049017E9
51.510815	-0.129915	1.218492905E9
51.509811	-0.134829	1.235820521E9
51.510251	-0.133016	1.236364107E9
51.510084	-0.134464	1.236450669E9
51.510084	-0.134464	1.236450581E9
51.509987	-0.134539	1.230765499E9
51.510004	-0.133295	1.230765288E9
51.510061	-0.13455	1.237059093E9
51.510231	-0.134528	1.237409575E9
51.510231	-0.134528	1.237409397E9
51.510041	-0.134603	1.237904852E9
51.510087	-0.134367	1.233587567E9
51.510141	-0.134292	1.238165814E9
51.509811	-0.134829	1.238273718E9
51.508892	-0.139625	1.240056361E9
51.51001	-0.13353	1.241875703E9
51.510174	-0.13441	1.22918246E9
51.506271	-0.141985	1.240943748E9
51.509951	-0.134732	1.241990062E9
51.505677	-0.145069	1.243087722E9
51.508129	-0.139561	1.243026053E9
51.508375	-0.136819	1.243094227E9
51.510087	-0.134587	1.243097532E9
51.510094	-0.135389	1.243509091E9
51.510094	-0.135389	1.243509418E9
51.510094	-0.135389	1.243509097E9
51.510525	-0.132071	1.247235758E9
51.509958	-0.133475	1.246544649E9
51.509737	-0.134904	1.248113029E9
51.510138	-0.13455	1.249279419E9
51.510161	-0.134443	1.232993017E9
51.510031	-0.134786	1.248298283E9
51.510077	-0.133464	1.246756131E9
51.509933	-0.134078	1.246741651E9
51.509952	-0.134323	1.246738225E9
51.508825	-0.139249	1.248456402E9
51.509029	-0.1392	1.251789607E9
51.508655	-0.13906	1.251789715E9
51.508615	-0.138663	1.251789884E9
51.508655	-0.13906	1.251789775E9
51.508833	-0.139834	1.253116964E9
51.509276	-0.136148	1.253798407E9
51.508652	-0.138198	1.253797694E9
51.508855	-0.137361	1.253797901E9
51.506325	-0.143659	1.254070439E9
51.508799	-0.139228	1.2552654E9
51.509931	-0.134603	1.253922702E9
51.509931	-0.134603	1.253912473E9
51.509931	-0.134603	1.253912424E9
51.509931	-0.134603	1.253920291E9
51.509931	-0.134603	1.253917385E9
51.509931	-0.134603	1.253912486E9
51.509931	-0.134603	1.253912519E9
51.509931	-0.134603	1.253917987E9
51.509931	-0.134603	1.253919821E9
51.509931	-0.134603	1.25391325E9
51.509931	-0.134603	1.253914254E9
51.509931	-0.134603	1.253912402E9
51.510164	-0.134271	1.25587504E9
51.508799	-0.139303	1.255702993E9
51.509811	-0.134829	1.255715763E9
51.50987	-0.134614	1.256999097E9
51.50987	-0.134614	1.256998844E9
51.50987	-0.134614	1.257001589E9
51.50987	-0.134614	1.257296233E9
51.510037	-0.134904	1.249860294E9
51.508939	-0.131695	1.259858932E9
51.509062	-0.136975	1.260022121E9
51.510138	-0.13455	1.260544677E9
51.507146	-0.142135	1.259861142E9
51.50929	-0.136041	1.260902361E9
51.5093	-0.136095	1.260901162E9
51.509704	-0.134861	1.260902173E9
51.509283	-0.136127	1.260901103E9
51.508305	-0.139153	1.260884486E9
51.509062	-0.135419	1.261569891E9
51.510234	-0.13455	1.261597546E9
51.508201	-0.139732	1.262358241E9
51.509967	-0.134582	1.262467405E9
51.510304	-0.134625	1.222973021E9
51.509944	-0.134507	1.254071557E9
51.509811	-0.134829	1.265054385E9
51.509811	-0.134829	1.265056595E9
51.509637	-0.142103	1.26427983E9
51.509237	-0.136315	1.2649824E9
51.509958	-0.134498	1.216626973E9
51.509944	-0.134582	1.223157547E9
51.510141	-0.134614	1.266074959E9
51.507333	-0.141706	1.268382705E9
51.508912	-0.137318	1.266682829E9
51.507934	-0.14037	1.268383016E9
51.510051	-0.134464	1.269822286E9
51.507817	-0.140644	1.270899942E9
51.509336	-0.135542	1.270891602E9
51.509336	-0.135542	1.270891584E9
51.509336	-0.135542	1.270891654E9
51.509116	-0.135505	1.262304E9
51.509066	-0.135414	1.270891741E9
51.50893	-0.139317	1.271066063E9
51.497136	-0.12712	1.273849512E9
51.511216	-0.128381	1.194208563E9
51.506532	-0.143358	1.274553217E9
51.507159	-0.142178	1.24662415E9
51.504568	-0.147038	1.275152594E9
51.506458	-0.143551	1.275235243E9
51.508608	-0.140129	1.275498197E9
51.509163	-0.142017	1.276460157E9
51.510044	-0.134721	1.230328974E9
51.509804	-0.134861	1.277367952E9
51.504238	-0.147387	1.27572968E9
51.504238	-0.147387	1.275729717E9
51.504238	-0.147387	1.27572966E9
51.504238	-0.147387	1.275729724E9
51.506375	-0.143503	1.275729151E9
51.506375	-0.143503	1.275729164E9
51.510762	-0.135607	1.27557078E9
51.508428	-0.138552	1.27750556E9
51.508608	-0.139914	1.278427522E9
51.509964	-0.134443	1.278099216E9
51.510107	-0.133213	1.279488017E9
51.508909	-0.139346	1.279469701E9
51.508909	-0.139346	1.279475928E9
51.508527	-0.138503	1.279292623E9
51.508527	-0.138503	1.279295249E9
51.510083	-0.134567	1.279295411E9
51.507755	-0.140687	1.279295219E9
51.508527	-0.138503	1.279295234E9
51.507088	-0.142167	1.279295189E9
51.507002	-0.142317	1.279295139E9
51.510083	-0.134567	1.279295413E9
51.505766	-0.144664	1.279292893E9
51.507002	-0.142317	1.279295146E9
51.505766	-0.144664	1.279295094E9
51.506975	-0.14242	1.27929513E9
51.503769	-0.149039	1.27929295E9
51.506925	-0.142478	1.27929279E9
51.508527	-0.138503	1.279292697E9
51.509863	-0.134542	1.279292496E9
51.506988	-0.142362	1.279292771E9
51.508527	-0.138503	1.279292615E9
51.508694	-0.137925	1.279292607E9
51.509127	-0.134248	1.279288742E9
51.503916	-0.148692	1.279280558E9
51.504219	-0.148095	1.279280568E9
51.503769	-0.149039	1.279280598E9
51.507033	-0.142084	1.279280419E9
51.506975	-0.142409	1.279280424E9
51.507794	-0.140478	1.279280341E9
51.510421	-0.135118	1.279900981E9
51.510421	-0.135118	1.279900562E9
51.510421	-0.135118	1.279900922E9
51.510421	-0.135118	1.279900698E9
51.510421	-0.135118	1.279900477E9
51.510421	-0.135118	1.279900482E9
51.510421	-0.135118	1.279900523E9
51.510421	-0.135118	1.279900875E9
51.510421	-0.135118	1.279899207E9
51.510421	-0.135118	1.27990089E9
51.510421	-0.135118	1.279900651E9
51.510421	-0.135118	1.279900835E9
51.510421	-0.135118	1.279900434E9
51.510421	-0.135118	1.279900963E9
51.510421	-0.135118	1.279899247E9
51.510421	-0.135118	1.279900577E9
51.510421	-0.135118	1.279900496E9
51.510421	-0.135118	1.279900388E9
51.510421	-0.135118	1.279900444E9
51.510421	-0.135118	1.27990061E9
51.510421	-0.135118	1.27990038E9
51.510421	-0.135118	1.279900759E9
51.510421	-0.135118	1.279900802E9
51.510421	-0.135118	1.279900955E9
51.510421	-0.135118	1.279900393E9
51.510421	-0.135118	1.27990072E9
51.510421	-0.135118	1.27990072E9
51.510421	-0.135118	1.279901118E9
51.510421	-0.135118	1.279901085E9
51.510421	-0.135118	1.279901307E9
51.510421	-0.135118	1.279901356E9
51.510421	-0.135118	1.2799011E9
51.510421	-0.135118	1.279901374E9
51.510421	-0.135118	1.279901186E9
51.510421	-0.135118	1.27990103E9
51.510421	-0.135118	1.279901365E9
51.510421	-0.135118	1.279901018E9
51.510421	-0.135118	1.279901205E9
51.510421	-0.135118	1.279901168E9
51.510421	-0.135118	1.279901123E9
51.510421	-0.135118	1.279901044E9
51.510421	-0.135118	1.279901223E9
51.510421	-0.135118	1.279901233E9
51.510421	-0.135118	1.279901196E9
51.510421	-0.135118	1.279901273E9
51.506772	-0.142629	1.273234898E9
51.508812	-0.139238	1.281181923E9
51.508812	-0.139238	1.281182167E9
51.508812	-0.139238	1.281181968E9
51.508812	-0.139238	1.281182445E9
51.508709	-0.137887	1.277505195E9
51.510044	-0.134721	1.233588246E9
51.510044	-0.134721	1.233588279E9
51.510248	-0.134679	1.274804748E9
51.510091	-0.134357	1.272252529E9
51.509042	-0.138611	1.28300955E9
51.50933	-0.135859	1.281733452E9
51.510057	-0.134738	1.284318803E9
51.510064	-0.134325	1.281726418E9
51.509333	-0.137167	1.284557377E9
51.504982	-0.146641	1.284817772E9
51.504982	-0.146641	1.284817689E9
51.508842	-0.139378	1.279273832E9
51.512127	-0.115646	1.278475019E9
51.512127	-0.115646	1.278474051E9
51.512127	-0.115646	1.278474757E9
51.512127	-0.115646	1.278475093E9
51.512127	-0.115646	1.278474152E9
51.512127	-0.115646	1.278474976E9
51.512127	-0.115646	1.278474177E9
51.512127	-0.115646	1.278474491E9
51.512127	-0.115646	1.278475203E9
51.512127	-0.115646	1.278474374E9
51.512127	-0.115646	1.278474116E9
51.508317	-0.139455	1.284903855E9
51.510037	-0.13485	1.285430348E9
51.510037	-0.13485	1.285430592E9
51.510273	-0.132699	1.285532322E9
51.509149	-0.135971	1.285851023E9
51.509938	-0.135225	1.277419208E9
51.509938	-0.135225	1.277419259E9
51.50974	-0.134528	1.28536655E9
51.509921	-0.134426	1.286214617E9
51.510024	-0.134367	1.286310776E9
51.509961	-0.1344	1.261594791E9
51.508779	-0.137296	1.288021743E9
51.509697	-0.134904	1.288200394E9
51.509523	-0.140907	1.287311819E9
51.509952	-0.134659	1.277843526E9
51.509952	-0.134659	1.277843362E9
51.510124	-0.134614	1.246123837E9
51.503914	-0.147902	1.274530984E9
51.507671	-0.139099	1.237386592E9
51.51	-0.1345	1.289776834E9
51.507921	-0.140408	1.290260976E9
51.50966	-0.1347	1.288613215E9
51.509223	-0.136985	1.291157717E9
51.509193	-0.136964	1.291157707E9
51.509249	-0.137017	1.291157699E9
51.509166	-0.136953	1.29115769E9
51.509984	-0.134614	1.290621361E9
51.510188	-0.133413	1.290621521E9
51.513249	-0.138952	1.292513271E9
51.507457	-0.141234	1.261499366E9
51.509537	-0.134754	1.293369258E9
51.508298	-0.136438	1.172922402E9
51.503887	-0.148256	1.183822399E9
51.510141	-0.134432	1.1859095E9
51.510141	-0.134432	1.185909428E9
51.510234	-0.098549	1.189338573E9
51.510234	-0.098549	1.189341472E9
51.510234	-0.098549	1.189338455E9
51.510234	-0.098549	1.189338271E9
51.510234	-0.098549	1.189338395E9
51.510234	-0.098549	1.189338147E9
51.510234	-0.098549	1.189338103E9
51.510234	-0.098549	1.189338208E9
51.510234	-0.098549	1.189338088E9
51.510234	-0.098549	1.189338158E9
51.510234	-0.098549	1.18933826E9
51.510234	-0.098549	1.189338356E9
51.510234	-0.098549	1.189338552E9
51.510201	-0.134786	1.195311215E9
51.511386	-0.133198	1.202646672E9
51.511386	-0.133198	1.202646902E9
51.510004	-0.135891	1.197374982E9
51.510064	-0.134958	1.203776074E9
51.510288	-0.134582	1.201639215E9
51.510288	-0.134582	1.201639325E9
51.510288	-0.134582	1.201639269E9
51.510164	-0.134582	1.211735376E9
51.510164	-0.134582	1.211735314E9
51.510164	-0.134582	1.211733837E9
51.510164	-0.134582	1.211732876E9
51.50983	-0.134904	1.212188699E9
51.510214	-0.134614	1.213369704E9
51.510214	-0.134614	1.213369697E9
51.510214	-0.134614	1.213369699E9
51.510214	-0.134614	1.213369737E9
51.510214	-0.134614	1.213369728E9
51.510214	-0.134614	1.213369719E9
51.510214	-0.134614	1.213369703E9
51.510214	-0.134614	1.213369692E9
51.510214	-0.134614	1.213369688E9
51.510214	-0.134614	1.213369581E9
51.510214	-0.134614	1.213369686E9
51.510214	-0.134614	1.213369681E9
51.508835	-0.13794	1.213390377E9
51.507922	-0.140002	1.219865254E9
51.500035	-0.311302	1.220960886E9
51.499786	-0.312965	1.220960947E9
51.503428	-0.280929	1.220960116E9
51.504182	-0.282281	1.220960106E9
51.504182	-0.282281	1.220960108E9
51.503428	-0.280929	1.220960116E9
51.503428	-0.280929	1.220960117E9
51.504182	-0.282281	1.220960108E9
51.504182	-0.282281	1.220960105E9
51.504182	-0.282281	1.220960079E9
51.503428	-0.280929	1.220960118E9
51.504182	-0.282281	1.220960122E9
51.508381	-0.138391	1.226856388E9
51.511106	-0.133928	1.228942233E9
51.508791	-0.139695	1.230553283E9
51.510966	-0.129046	1.233953187E9
51.509997	-0.134743	1.218412104E9
51.511022	-0.134003	1.236363047E9
51.510151	-0.133295	1.236364371E9
51.509938	-0.140034	1.236398711E9
51.5071	-0.142039	1.236400088E9
51.509917	-0.134561	1.236894133E9
51.510331	-0.13058	1.236893409E9
51.509917	-0.134561	1.236894141E9
51.510331	-0.13058	1.236893396E9
51.509917	-0.134561	1.236893895E9
51.509784	-0.134893	1.238605226E9
51.508702	-0.138047	1.239462057E9
51.509872	-0.134861	1.244633232E9
51.509872	-0.134861	1.244632988E9
51.509872	-0.134861	1.244632874E9
51.509872	-0.134861	1.244632817E9
51.509872	-0.134861	1.244633177E9
51.509872	-0.134861	1.244632953E9
51.509872	-0.134861	1.244633075E9
51.509872	-0.134861	1.244632923E9
51.509872	-0.134861	1.24463321E9
51.509872	-0.134861	1.244632846E9
51.509872	-0.134861	1.244633044E9
51.509872	-0.134861	1.244633146E9
51.509872	-0.134861	1.244633016E9
51.509872	-0.134861	1.244633107E9
51.509872	-0.134861	1.244632761E9
51.509872	-0.134861	1.244632508E9
51.509872	-0.134861	1.244632479E9
51.509872	-0.134861	1.24463267E9
51.509872	-0.134861	1.244632237E9
51.509872	-0.134861	1.244632267E9
51.509872	-0.134861	1.244632447E9
51.509872	-0.134861	1.24463236E9
51.509872	-0.134861	1.244632604E9
51.509872	-0.134861	1.2446327E9
51.509872	-0.134861	1.244632205E9
51.509872	-0.134861	1.244632296E9
51.509872	-0.134861	1.244632731E9
51.509872	-0.134861	1.244632329E9
51.509872	-0.134861	1.244632389E9
51.509872	-0.134861	1.244632638E9
51.509872	-0.134861	1.244632538E9
51.509872	-0.134861	1.244632571E9
51.509872	-0.134861	1.244632419E9
51.509872	-0.134861	1.244632789E9
51.509872	-0.134861	1.244632173E9
51.509872	-0.134861	1.244631782E9
51.509872	-0.134861	1.244632027E9
51.509872	-0.134861	1.244631969E9
51.509872	-0.134861	1.244632058E9
51.509872	-0.134861	1.244631848E9
51.509872	-0.134861	1.244631748E9
51.509872	-0.134861	1.244632119E9
51.509872	-0.134861	1.244631616E9
51.509872	-0.134861	1.244631816E9
51.509872	-0.134861	1.244632147E9
51.509872	-0.134861	1.244631715E9
51.509872	-0.134861	1.244631942E9
51.509872	-0.134861	1.244631681E9
51.509872	-0.134861	1.244631911E9
51.509872	-0.134861	1.244632E9
51.509872	-0.134861	1.244631879E9
51.509872	-0.134861	1.244632089E9
51.509872	-0.134861	1.244631647E9
51.509872	-0.134861	1.24463107E9
51.509872	-0.134861	1.244631458E9
51.509872	-0.134861	1.244631289E9
51.509872	-0.134861	1.244631428E9
51.509872	-0.134861	1.244631369E9
51.509872	-0.134861	1.244631032E9
51.509872	-0.134861	1.244631195E9
51.509872	-0.134861	1.244631519E9
51.509872	-0.134861	1.244631227E9
51.509872	-0.134861	1.244631257E9
51.509872	-0.134861	1.244631589E9
51.509872	-0.134861	1.244631166E9
51.509872	-0.134861	1.244631339E9
51.509872	-0.134861	1.244631103E9
51.509872	-0.134861	1.244631398E9
51.509872	-0.134861	1.244631136E9
51.509872	-0.134861	1.244631553E9
51.509872	-0.134861	1.24463131E9
51.509872	-0.134861	1.244631487E9
51.509872	-0.134861	1.244630475E9
51.509872	-0.134861	1.244630515E9
51.509872	-0.134861	1.244630692E9
51.509872	-0.134861	1.244630971E9
51.509872	-0.134861	1.24463055E9
51.509872	-0.134861	1.244630992E9
51.509872	-0.134861	1.244630897E9
51.509872	-0.134861	1.244630777E9
51.509872	-0.134861	1.244630436E9
51.509872	-0.134861	1.244630935E9
51.509872	-0.134861	1.244630645E9
51.509872	-0.134861	1.244630866E9
51.509872	-0.134861	1.244630816E9
51.509872	-0.134861	1.244630741E9
51.509872	-0.134861	1.244630596E9
51.509872	-0.134861	1.244630399E9
51.509872	-0.134861	1.244630329E9
51.509872	-0.134861	1.244630265E9
51.509872	-0.134861	1.244630291E9
51.509872	-0.134861	1.244630368E9
51.510094	-0.135389	1.243509088E9
51.509923	-0.134101	1.2450183E9
51.510057	-0.134711	1.245595538E9
51.509991	-0.134764	1.245595465E9
51.510031	-0.13397	1.24800987E9
51.510341	-0.133976	1.252044656E9
51.510134	-0.134625	1.247919444E9
51.50976	-0.134679	1.253339813E9
51.510067	-0.134555	1.24108084E9
51.508754	-0.139328	1.255356305E9
51.508754	-0.139328	1.255356321E9
51.508754	-0.139328	1.25535628E9
51.508754	-0.139328	1.255356228E9
51.508754	-0.139328	1.255356196E9
51.508754	-0.139328	1.255356259E9
51.508754	-0.139328	1.25535616E9
51.508754	-0.139328	1.255356179E9
51.510097	-0.134485	1.257963683E9
51.510037	-0.134904	1.249860608E9
51.508224	-0.139464	1.258655971E9
51.564786	-0.106333	1.260016009E9
51.503734	-0.149055	1.260951313E9
51.509553	-0.135365	1.260714885E9
51.509383	-0.135676	1.260714919E9
51.509553	-0.135365	1.260716411E9
51.508428	-0.13867	1.262456115E9
51.509957	-0.134636	1.168198763E9
51.508315	-0.139367	1.266756741E9
51.50981	-0.134818	1.264326266E9
51.510084	-0.133391	1.26755709E9
51.510084	-0.133391	1.269114876E9
51.510084	-0.133391	1.265484558E9
51.510084	-0.133391	1.265484632E9
51.509555	-0.13485	1.270484053E9
51.510034	-0.133466	1.263660858E9
51.509998	-0.134499	1.275237814E9
51.506244	-0.144023	1.275235218E9
51.510241	-0.132308	1.275145324E9
51.509924	-0.13455	1.276814326E9
51.508665	-0.139179	1.256646775E9
51.508395	-0.138573	1.27938632E9
51.508428	-0.13904	1.279386261E9
51.508395	-0.138573	1.279386396E9
51.508775	-0.13777	1.279295293E9
51.509863	-0.134542	1.279289127E9
51.509863	-0.134542	1.279289179E9
51.509863	-0.134542	1.279289216E9
51.509863	-0.134542	1.279289045E9
51.509603	-0.134636	1.223157653E9
51.506625	-0.14339	1.269686013E9
51.509952	-0.134659	1.277843453E9
51.507687	-0.127898	1.172325682E9
51.510108	-0.134335	1.291458702E9
51.509897	-0.135199	1.2911616E9
51.509897	-0.135199	1.2911616E9
51.506211	-0.126997	1.167670525E9
51.508208	-0.110528	1.169426228E9
51.508685	-0.137232	1.171122195E9
51.508669	-0.136642	1.171121613E9
51.508669	-0.136642	1.171114179E9
51.508298	-0.136438	1.172922899E9
51.509209	-0.136116	1.174942628E9
51.508853	-0.139437	1.177264998E9
51.507079	-0.141963	1.177862842E9
51.507079	-0.141963	1.177862893E9
51.507079	-0.141963	1.177863944E9
51.507079	-0.141963	1.177863949E9
51.507079	-0.141963	1.177863892E9
51.507079	-0.141963	1.177863882E9
51.507079	-0.141963	1.177864179E9
51.507079	-0.141963	1.17786419E9
51.507079	-0.141963	1.177864125E9
51.507079	-0.141963	1.177863095E9
51.507079	-0.141963	1.177862875E9
51.507079	-0.141963	1.177863751E9
51.507079	-0.141963	1.177862702E9
51.507079	-0.141963	1.177863171E9
51.507079	-0.141963	1.177863287E9
51.507079	-0.141963	1.177862706E9
51.507079	-0.141963	1.17786383E9
51.507079	-0.141963	1.17786339E9
51.507079	-0.141963	1.177862805E9
51.507079	-0.141963	1.177862913E9
51.507079	-0.141963	1.177863115E9
51.507079	-0.141963	1.177863537E9
51.507079	-0.141963	1.177863692E9
51.507079	-0.141963	1.17786374E9
51.507079	-0.141963	1.177862644E9
51.507079	-0.141963	1.177862796E9
51.507079	-0.141963	1.177863493E9
51.507079	-0.141963	1.177863108E9
51.507079	-0.141963	1.177863567E9
51.507079	-0.141963	1.177863766E9
51.507079	-0.141963	1.177862637E9
51.507079	-0.141963	1.177862814E9
51.507079	-0.141963	1.177862661E9
51.507079	-0.141963	1.177862823E9
51.507079	-0.141963	1.177863587E9
51.511126	-0.131374	1.17812477E9
51.510198	-0.134528	1.178834853E9
51.510154	-0.134437	1.184533673E9
51.509076	-0.135864	1.184983662E9
51.511246	-0.128424	1.185916374E9
51.51636	-0.130409	1.187998496E9
51.51636	-0.130409	1.187998496E9
51.51636	-0.130409	1.18799869E9
51.51636	-0.130409	1.187998496E9
51.51636	-0.130409	1.187998497E9
51.51636	-0.130409	1.187998496E9
51.51636	-0.130409	1.18799869E9
51.51636	-0.130409	1.18799869E9
51.51636	-0.130409	1.18799869E9
51.51636	-0.130409	1.18799869E9
51.51636	-0.130409	1.187998496E9
51.51636	-0.130409	1.18799869E9
51.51636	-0.130409	1.187998129E9
51.51636	-0.130409	1.187998129E9
51.51636	-0.130409	1.187998129E9
51.51636	-0.130409	1.187997867E9
51.51636	-0.130409	1.187997867E9
51.51636	-0.130409	1.187998129E9
51.51636	-0.130409	1.187998129E9
51.51636	-0.130409	1.187997866E9
51.51636	-0.130409	1.187997867E9
51.51636	-0.130409	1.187998129E9
51.51636	-0.130409	1.187997867E9
51.51636	-0.130409	1.187997866E9
51.51636	-0.130409	1.187997314E9
51.51636	-0.130409	1.187997314E9
51.51636	-0.130409	1.187997314E9
51.51636	-0.130409	1.187997314E9
51.51636	-0.130409	1.187997314E9
51.51636	-0.130409	1.187997314E9
51.51636	-0.130409	1.187996506E9
51.51636	-0.130409	1.187996893E9
51.51636	-0.130409	1.187996981E9
51.51636	-0.130409	1.187996893E9
51.51636	-0.130409	1.187996506E9
51.51636	-0.130409	1.187996981E9
51.51636	-0.130409	1.187996506E9
51.51636	-0.130409	1.187996981E9
51.51636	-0.130409	1.187996506E9
51.51636	-0.130409	1.187996981E9
51.51636	-0.130409	1.187996893E9
51.51636	-0.130409	1.187996893E9
51.51636	-0.130409	1.187996981E9
51.51636	-0.130409	1.187996893E9
51.51636	-0.130409	1.187996506E9
51.51636	-0.130409	1.187996893E9
51.51636	-0.130409	1.187996981E9
51.51636	-0.130409	1.187996506E9
51.51636	-0.130409	1.187996292E9
51.51636	-0.130409	1.187995917E9
51.51636	-0.130409	1.187995917E9
51.51636	-0.130409	1.187996292E9
51.51636	-0.130409	1.187995917E9
51.51636	-0.130409	1.187995917E9
51.51636	-0.130409	1.187995917E9
51.51636	-0.130409	1.187996292E9
51.51636	-0.130409	1.187996292E9
51.51636	-0.130409	1.187995917E9
51.51636	-0.130409	1.187996292E9
51.51636	-0.130409	1.187996292E9
51.51636	-0.130409	1.18799567E9
51.51636	-0.130409	1.187995799E9
51.51636	-0.130409	1.187995799E9
51.51636	-0.130409	1.187995671E9
51.51636	-0.130409	1.18799552E9
51.51636	-0.130409	1.18799552E9
51.51636	-0.130409	1.187995799E9
51.51636	-0.130409	1.187995799E9
51.51636	-0.130409	1.187995799E9
51.51636	-0.130409	1.18799567E9
51.51636	-0.130409	1.18799552E9
51.51636	-0.130409	1.18799552E9
51.51636	-0.130409	1.18799567E9
51.51636	-0.130409	1.18799552E9
51.51636	-0.130409	1.187995799E9
51.51636	-0.130409	1.187995671E9
51.51636	-0.130409	1.18799567E9
51.51636	-0.130409	1.18799552E9
51.51636	-0.130409	1.187994888E9
51.51636	-0.130409	1.187994889E9
51.51636	-0.130409	1.187994889E9
51.51636	-0.130409	1.187995083E9
51.51636	-0.130409	1.187995083E9
51.51636	-0.130409	1.187994889E9
51.51636	-0.130409	1.187995082E9
51.51636	-0.130409	1.187994804E9
51.51636	-0.130409	1.187994686E9
51.51636	-0.130409	1.187994686E9
51.51636	-0.130409	1.187995083E9
51.51636	-0.130409	1.187994686E9
51.51636	-0.130409	1.187995083E9
51.51636	-0.130409	1.187994804E9
51.51636	-0.130409	1.187994889E9
51.51636	-0.130409	1.187994686E9
51.51636	-0.130409	1.187994686E9
51.51636	-0.130409	1.187994804E9
51.51636	-0.130409	1.187994804E9
51.51636	-0.130409	1.187994804E9
51.51636	-0.130409	1.187994686E9
51.51636	-0.130409	1.187994889E9
51.51636	-0.130409	1.187994804E9
51.51636	-0.130409	1.187995082E9
51.51636	-0.130409	1.187994307E9
51.51636	-0.130409	1.187994307E9
51.51636	-0.130409	1.187994553E9
51.51636	-0.130409	1.187994307E9
51.51636	-0.130409	1.187994553E9
51.51636	-0.130409	1.187994308E9
51.51636	-0.130409	1.187994553E9
51.51636	-0.130409	1.187994307E9
51.51636	-0.130409	1.187994554E9
51.51636	-0.130409	1.187994308E9
51.51636	-0.130409	1.187994553E9
51.51636	-0.130409	1.187994553E9
51.51636	-0.130409	1.187960443E9
51.51636	-0.130409	1.188052088E9
51.51636	-0.130409	1.188000509E9
51.51636	-0.130409	1.188000281E9
51.51636	-0.130409	1.188000281E9
51.51636	-0.130409	1.188000281E9
51.51636	-0.130409	1.188000281E9
51.51636	-0.130409	1.188000034E9
51.51636	-0.130409	1.188000034E9
51.51636	-0.130409	1.188000281E9
51.51636	-0.130409	1.188000034E9
51.51636	-0.130409	1.188000034E9
51.51636	-0.130409	1.188000509E9
51.51636	-0.130409	1.188000034E9
51.51636	-0.130409	1.188000034E9
51.51636	-0.130409	1.188000281E9
51.51636	-0.130409	1.187999776E9
51.51636	-0.130409	1.187999777E9
51.51636	-0.130409	1.187999776E9
51.51636	-0.130409	1.187999776E9
51.51636	-0.130409	1.187999777E9
51.51636	-0.130409	1.187999776E9
51.51636	-0.130409	1.187999032E9
51.51636	-0.130409	1.187999032E9
51.51636	-0.130409	1.187999032E9
51.51636	-0.130409	1.187999032E9
51.51636	-0.130409	1.187999032E9
51.51636	-0.130409	1.187999032E9
51.510264	-0.134968	1.184260696E9
51.510264	-0.134968	1.184261003E9
51.499466	-0.314869	1.193292991E9
51.508891	-0.139435	1.193128392E9
51.508719	-0.139349	1.193129461E9
51.508859	-0.13948	1.19312832E9
51.508684	-0.139349	1.193128564E9
51.508679	-0.139341	1.193128628E9
51.510044	-0.134936	1.195310981E9
51.494363	-0.174161	1.193570583E9
51.513055	-0.124132	1.195990731E9
51.510064	-0.13455	1.204851026E9
51.508069	-0.128102	1.202304205E9
51.509872	-0.135977	1.202305398E9
51.508069	-0.128102	1.202303921E9
51.512162	-0.138348	1.202317547E9
51.510152	-0.134829	1.202305297E9
51.511634	-0.139399	1.202320641E9
51.508069	-0.128102	1.202303718E9
51.508069	-0.128102	1.202303735E9
51.508069	-0.128102	1.202303834E9
51.508069	-0.128102	1.202303856E9
51.54097	-0.144109	1.202296373E9
51.54097	-0.144109	1.20229633E9
51.54097	-0.144109	1.202296871E9
51.510004	-0.135891	1.197294903E9
51.510004	-0.135891	1.197374327E9
51.510004	-0.135891	1.197374437E9
51.507974	-0.140461	1.208015251E9
51.508439	-0.138968	1.20842276E9
51.508704	-0.139309	1.208422795E9
51.510164	-0.134582	1.211733885E9
51.510164	-0.134582	1.211733276E9
51.510164	-0.134582	1.211733149E9
51.510164	-0.134582	1.211733421E9
51.510164	-0.134582	1.211732989E9
51.510201	-0.134357	1.212446426E9
51.500949	-0.122802	1.197207161E9
51.500949	-0.122802	1.197207123E9
51.509947	-0.134464	1.213391278E9
51.509947	-0.134464	1.213390323E9
51.50938	-0.135746	1.216746574E9
51.510051	-0.134958	1.220302385E9
51.498886	-0.316269	1.22096145E9
51.498886	-0.316269	1.220961431E9
51.498886	-0.316269	1.22096144E9
51.498886	-0.316269	1.220961434E9
51.498886	-0.316269	1.220961439E9
51.498886	-0.316269	1.220961438E9
51.498886	-0.316269	1.22096145E9
51.500048	-0.310969	1.220961258E9
51.500048	-0.310969	1.220961231E9
51.499768	-0.312064	1.220961268E9
51.500048	-0.310969	1.220961257E9
51.500048	-0.310969	1.220961261E9
51.499434	-0.313491	1.220961284E9
51.499434	-0.313491	1.220961289E9
51.498886	-0.316269	1.220961425E9
51.499434	-0.313491	1.220961312E9
51.499768	-0.312064	1.220961271E9
51.499768	-0.312064	1.220961272E9
51.500048	-0.310969	1.220961213E9
51.505077	-0.28375	1.220960445E9
51.504182	-0.282281	1.220960457E9
51.504182	-0.282281	1.220960457E9
51.504182	-0.282281	1.220960459E9
51.504182	-0.282281	1.220960463E9
51.504182	-0.282281	1.220960451E9
51.504182	-0.282281	1.220960464E9
51.504182	-0.282281	1.220960456E9
51.504182	-0.282281	1.220960456E9
51.504182	-0.282281	1.220960456E9
51.505077	-0.28375	1.220960404E9
51.505077	-0.28375	1.220960405E9
51.505077	-0.28375	1.220960443E9
51.505077	-0.28375	1.220960413E9
51.505077	-0.28375	1.220960414E9
51.505077	-0.28375	1.220960424E9
51.510254	-0.134947	1.221779163E9
51.509807	-0.134861	1.221779526E9
51.508058	-0.140064	1.221403989E9
51.510174	-0.134319	1.231000114E9
51.508909	-0.135848	1.235754494E9
51.508909	-0.135848	1.235755909E9
51.616344	-0.133477	1.235927644E9
51.510151	-0.133295	1.236363955E9
51.507767	-0.140783	1.221589815E9
51.509276	-0.136138	1.221605557E9
51.509109	-0.13636	1.236435986E9
51.509917	-0.134561	1.236893869E9
51.509917	-0.134561	1.236894152E9
51.509917	-0.134561	1.236894163E9
51.509917	-0.134561	1.236893918E9
51.509917	-0.134561	1.236893884E9
51.510031	-0.134646	1.23569416E9
51.508602	-0.13823	1.229511956E9
51.503293	-0.151909	1.245765874E9
51.510077	-0.134496	1.249920503E9
51.510077	-0.134496	1.249920512E9
51.509797	-0.134861	1.223157419E9
51.508241	-0.131492	1.254578074E9
51.510164	-0.134571	1.25512598E9
51.510164	-0.134571	1.255218639E9
51.507022	-0.141776	1.254405199E9
51.509927	-0.134518	1.25987316E9
51.508699	-0.138283	1.262105264E9
51.508699	-0.138283	1.262105254E9
51.511266	-0.128381	1.262291517E9
51.509603	-0.134636	1.266769594E9
51.510051	-0.134582	1.267381064E9
51.510084	-0.133391	1.26912054E9
51.510084	-0.133391	1.267562021E9
51.510084	-0.133391	1.26428164E9
51.510084	-0.133391	1.269204793E9
51.510084	-0.133391	1.269114698E9
51.509811	-0.134829	1.270389574E9
51.510411	-0.13411	1.243964445E9
51.509944	-0.134437	1.277219228E9
51.509794	-0.134711	1.262282746E9
51.509163	-0.136771	1.266756216E9
51.508782	-0.139399	1.277024329E9
51.510148	-0.134625	1.282729711E9
51.509463	-0.137704	1.242150487E9
51.508007	-0.139904	1.281983001E9
51.509757	-0.134582	1.281988536E9
51.509283	-0.136148	1.281983504E9
51.509934	-0.135676	1.28198315E9
51.511239	-0.139088	1.281979915E9
51.510051	-0.134346	1.281988583E9
51.509012	-0.13676	1.217416867E9
51.509938	-0.135225	1.277419305E9
51.509917	-0.134518	1.285183388E9
51.510081	-0.134539	1.283176608E9
51.508562	-0.139335	1.287119145E9
51.50987	-0.134453	1.289061979E9
51.509226	-0.136996	1.291157726E9
51.509994	-0.134491	1.292786449E9
51.509012	-0.13676	1.217417105E9
51.509209	-0.136116	1.174942628E9
51.510779	-0.135054	1.176988208E9
51.507079	-0.141963	1.177864088E9
51.507079	-0.141963	1.177864023E9
51.507079	-0.141963	1.177864115E9
51.507079	-0.141963	1.177863857E9
51.507079	-0.141963	1.177863234E9
51.507079	-0.141963	1.177862481E9
51.507079	-0.141963	1.177863246E9
51.507079	-0.141963	1.177862854E9
51.507079	-0.141963	1.177863844E9
51.507079	-0.141963	1.177862832E9
51.507079	-0.141963	1.177862867E9
51.507079	-0.141963	1.17786283E9
51.507079	-0.141963	1.177862482E9
51.507079	-0.141963	1.177863849E9
51.507079	-0.141963	1.177863468E9
51.507079	-0.141963	1.17786286E9
51.507079	-0.141963	1.177863814E9
51.510278	-0.133746	1.178450164E9
51.513049	-0.124105	1.180022124E9
51.512235	-0.116038	1.181915237E9
51.511246	-0.128424	1.184538649E9
51.500748	-0.124481	1.187874409E9
51.500748	-0.124481	1.187874416E9
51.510164	-0.134582	1.187867629E9
51.510164	-0.134582	1.187867647E9
51.510164	-0.134582	1.187867637E9
51.510164	-0.134582	1.187867577E9
51.51636	-0.130409	1.187798032E9
51.51636	-0.130409	1.187798157E9
51.510164	-0.134582	1.188581984E9
51.510164	-0.134582	1.188581984E9
51.510164	-0.134582	1.188581984E9
51.500748	-0.124481	1.188579867E9
51.500254	-0.126433	1.188579866E9
51.500748	-0.124481	1.188579866E9
51.500254	-0.126433	1.188579867E9
51.500748	-0.124481	1.188579867E9
51.500748	-0.124481	1.188579867E9
51.500254	-0.126433	1.188579448E9
51.500254	-0.126433	1.188579448E9
51.489854	-0.195795	1.188572772E9
51.489854	-0.195795	1.188572772E9
51.489854	-0.195795	1.188572772E9
51.509941	-0.134357	1.187825583E9
51.509941	-0.134357	1.187995964E9
51.509143	-0.136476	1.176402045E9
51.509977	-0.13455	1.189951101E9
51.509977	-0.13455	1.189951106E9
51.509977	-0.13455	1.189951114E9
51.510051	-0.134539	1.180017211E9
51.510031	-0.134614	1.195310461E9
51.509643	-0.134882	1.195932399E9
51.510268	-0.134378	1.195759908E9
51.508692	-0.138058	1.222115496E9
51.512248	-0.13131	1.223841414E9
51.510164	-0.134582	1.223841395E9
51.510164	-0.134582	1.223841388E9
51.512248	-0.13131	1.223841419E9
51.512248	-0.13131	1.223841437E9
51.510164	-0.134582	1.223841443E9
51.512248	-0.13131	1.223841428E9
51.512248	-0.13131	1.223841406E9
51.500748	-0.124481	1.223852402E9
51.510164	-0.134582	1.223852672E9
51.510164	-0.134582	1.223852622E9
51.510164	-0.134582	1.223852679E9
51.500748	-0.124481	1.223852409E9
51.510164	-0.134582	1.223852613E9
51.500748	-0.124481	1.223852336E9
51.500748	-0.124481	1.223852326E9
51.500748	-0.124481	1.223852385E9
51.500748	-0.124481	1.223852391E9
51.500748	-0.124481	1.223852204E9
51.500748	-0.124481	1.223852341E9
51.500748	-0.124481	1.223852379E9
51.500748	-0.124481	1.223852311E9
51.500748	-0.124481	1.22385232E9
51.510264	-0.134968	1.184261147E9
51.510705	-0.135558	1.225224627E9
51.510001	-0.134657	1.209485876E9
51.509864	-0.134732	1.209485217E9
51.509811	-0.134829	1.248019413E9
51.506713	-0.142995	1.247389346E9
51.509957	-0.134507	1.247762212E9
51.510077	-0.134496	1.249920522E9
51.50769	-0.140976	1.250777239E9
51.509727	-0.134657	1.249587458E9
51.552966	-0.112625	1.252864423E9
51.570974	-0.095652	1.252864393E9
51.590552	-0.102562	1.252864404E9
51.558167	-0.105833	1.252864416E9
51.510164	-0.134571	1.255217022E9
51.510164	-0.134571	1.255125582E9
51.509911	-0.134464	1.238273157E9
51.509911	-0.134464	1.238273135E9
51.509911	-0.134464	1.238273177E9
51.493849	-0.100749	1.25312328E9
51.510087	-0.134518	1.230463363E9
51.509777	-0.134249	1.230462998E9
51.509777	-0.134249	1.230462961E9
51.508078	-0.139807	1.230458625E9
51.508889	-0.137007	1.268326286E9
51.508889	-0.137007	1.268326382E9
51.508889	-0.137007	1.268339834E9
51.508889	-0.137007	1.268326402E9
51.508889	-0.137007	1.268325719E9
51.508889	-0.137007	1.268325831E9
51.508889	-0.137007	1.26833941E9
51.508889	-0.137007	1.268340195E9
51.508889	-0.137007	1.268325508E9
51.508889	-0.137007	1.268325541E9
51.508889	-0.137007	1.268339368E9
51.508889	-0.137007	1.268326789E9
51.508889	-0.137007	1.268326483E9
51.508889	-0.137007	1.268339763E9
51.508889	-0.137007	1.268340544E9
51.508889	-0.137007	1.26833892E9
51.508889	-0.137007	1.268326312E9
51.508889	-0.137007	1.268325801E9
51.508889	-0.137007	1.268339777E9
51.508889	-0.137007	1.268339448E9
51.508889	-0.137007	1.268340245E9
51.508889	-0.137007	1.26833909E9
51.508889	-0.137007	1.268326632E9
51.508889	-0.137007	1.268326573E9
51.508889	-0.137007	1.268339138E9
51.508889	-0.137007	1.268325622E9
51.508889	-0.137007	1.268340227E9
51.508889	-0.137007	1.268339253E9
51.508889	-0.137007	1.268339112E9
51.508889	-0.137007	1.268340545E9
51.508889	-0.137007	1.268326176E9
51.508889	-0.137007	1.268339553E9
51.508889	-0.137007	1.268326246E9
51.508889	-0.137007	1.268340279E9
51.508889	-0.137007	1.2683256E9
51.508889	-0.137007	1.268339498E9
51.508889	-0.137007	1.268326281E9
51.508889	-0.137007	1.268339348E9
51.508889	-0.137007	1.268339223E9
51.508889	-0.137007	1.268326303E9
51.508889	-0.137007	1.268340546E9
51.510077	-0.134013	1.282080501E9
51.509921	-0.134421	1.278872753E9
51.509824	-0.13367	1.279405329E9
51.50943	-0.135741	1.284203611E9
51.50989	-0.134303	1.284106355E9
51.509961	-0.133413	1.284106852E9
51.510261	-0.138053	1.290974224E9
51.509811	-0.134829	1.289127402E9
51.509854	-0.134537	1.215948361E9
51.510138	-0.13441	1.179189431E9
51.510161	-0.134389	1.172500127E9
51.50983	-0.134711	1.204902131E9
51.509944	-0.134282	1.204902281E9
51.509944	-0.134282	1.204902301E9
51.50983	-0.134711	1.204902053E9
51.509957	-0.134389	1.173535031E9
51.508859	-0.139292	1.207738989E9
51.519608	-0.131878	1.208618366E9
51.519608	-0.131878	1.208619068E9
51.510779	-0.135054	1.209560576E9
51.509951	-0.134528	1.210711973E9
51.510011	-0.134174	1.21071205E9
51.509411	-0.135912	1.211040005E9
51.509658	-0.135204	1.211040002E9
51.509411	-0.135912	1.211040006E9
51.509411	-0.135912	1.211040007E9
51.509658	-0.135204	1.21104E9
51.509658	-0.135204	1.211040001E9
51.509411	-0.135912	1.211040003E9
51.509411	-0.135912	1.211040004E9
51.512015	-0.130569	1.211042563E9
51.512015	-0.130569	1.211042468E9
51.512015	-0.130569	1.211045298E9
51.512015	-0.130569	1.211042375E9
51.510259	-0.134668	1.211041885E9
51.512015	-0.130569	1.21104276E9
51.509984	-0.134925	1.213283098E9
51.508689	-0.139856	1.214725203E9
51.500748	-0.124481	1.223852782E9
51.500748	-0.124481	1.223852725E9
51.500748	-0.124481	1.223852736E9
51.510164	-0.134582	1.223852665E9
51.500748	-0.124481	1.223852715E9
51.500748	-0.124481	1.223852698E9
51.500748	-0.124481	1.223852704E9
51.500748	-0.124481	1.223852749E9
51.500748	-0.124481	1.223852791E9
51.500748	-0.124481	1.223852214E9
51.500748	-0.124481	1.223852398E9
51.500748	-0.124481	1.223852224E9
51.506729	-0.142618	1.2252384E9
51.509864	-0.134732	1.209485976E9
51.507647	-0.130022	1.209486976E9
51.509026	-0.137087	1.230809907E9
51.509026	-0.137087	1.2308099E9
51.509026	-0.137087	1.230809769E9
51.509026	-0.137087	1.230809685E9
51.509026	-0.137087	1.230809736E9
51.509026	-0.137087	1.230809581E9
51.509026	-0.137087	1.230809593E9
51.509026	-0.137087	1.230809514E9
51.509026	-0.137087	1.230809497E9
51.509026	-0.137087	1.230809521E9
51.509026	-0.137087	1.230809378E9
51.509026	-0.137087	1.230809357E9
51.509026	-0.137087	1.23080932E9
51.509026	-0.137087	1.230812125E9
51.509026	-0.137087	1.230812116E9
51.509026	-0.137087	1.23081312E9
51.509026	-0.137087	1.230812109E9
51.509026	-0.137087	1.230813131E9
51.509026	-0.137087	1.230812044E9
51.509026	-0.137087	1.230811994E9
51.509026	-0.137087	1.230812101E9
51.509026	-0.137087	1.230812013E9
51.509026	-0.137087	1.230812016E9
51.509026	-0.137087	1.230811851E9
51.509026	-0.137087	1.230811674E9
51.509026	-0.137087	1.230810992E9
51.509026	-0.137087	1.230810986E9
51.509026	-0.137087	1.230811467E9
51.509026	-0.137087	1.230811475E9
51.509026	-0.137087	1.23081152E9
51.509026	-0.137087	1.230811668E9
51.509026	-0.137087	1.230811271E9
51.509026	-0.137087	1.230811296E9
51.509026	-0.137087	1.230811363E9
51.509026	-0.137087	1.230811191E9
51.509026	-0.137087	1.230811179E9
51.509026	-0.137087	1.23081112E9
51.509026	-0.137087	1.230811238E9
51.509026	-0.137087	1.230811163E9
51.509026	-0.137087	1.23081108E9
51.509026	-0.137087	1.230811071E9
51.509026	-0.137087	1.230811109E9
51.509026	-0.137087	1.230811076E9
51.509026	-0.137087	1.230810865E9
51.509026	-0.137087	1.230810843E9
51.509026	-0.137087	1.230810848E9
51.509026	-0.137087	1.230810862E9
51.509026	-0.137087	1.230810838E9
51.509026	-0.137087	1.230810723E9
51.509026	-0.137087	1.230810731E9
51.509026	-0.137087	1.230810784E9
51.509026	-0.137087	1.230810799E9
51.509026	-0.137087	1.23081068E9
51.509026	-0.137087	1.230810755E9
51.509026	-0.137087	1.230810718E9
51.509026	-0.137087	1.230810554E9
51.509026	-0.137087	1.230810654E9
51.509026	-0.137087	1.230810657E9
51.509026	-0.137087	1.23081065E9
51.509026	-0.137087	1.230810672E9
51.509026	-0.137087	1.230810641E9
51.509026	-0.137087	1.230810489E9
51.509026	-0.137087	1.230810548E9
51.509026	-0.137087	1.230810542E9
51.509026	-0.137087	1.230810127E9
51.509026	-0.137087	1.230810151E9
51.509026	-0.137087	1.230810042E9
51.509026	-0.137087	1.230810118E9
51.509026	-0.137087	1.230810074E9
51.509026	-0.137087	1.230810058E9
51.509026	-0.137087	1.230810094E9
51.509026	-0.137087	1.230810098E9
51.509026	-0.137087	1.23080996E9
51.509026	-0.137087	1.230809923E9
51.509026	-0.137087	1.23080991E9
51.509026	-0.137087	1.230809949E9
51.509026	-0.137087	1.230809945E9
51.509026	-0.137087	1.230809955E9
51.510335	-0.134931	1.23073755E9
51.495208	-0.254316	1.237750175E9
51.510001	-0.134657	1.239456827E9
51.509864	-0.134732	1.209485157E9
51.513082	-0.124154	1.240602165E9
51.510061	-0.134582	1.258972349E9
51.50728	-0.141888	1.245091639E9
51.509977	-0.13455	1.246724129E9
51.509977	-0.13455	1.246724041E9
51.509977	-0.13455	1.246724066E9
51.509977	-0.13455	1.246724017E9
51.509977	-0.13455	1.246723893E9
51.509824	-0.13396	1.247762543E9
51.509947	-0.134335	1.247762306E9
51.509947	-0.134335	1.247762297E9
51.509957	-0.134507	1.24776219E9
51.509947	-0.134335	1.247762858E9
51.509947	-0.134335	1.247762842E9
51.509947	-0.134335	1.247762243E9
51.548832	-0.108667	1.252864823E9
51.590379	-0.1029	1.252860696E9
51.50985	-0.134217	1.249682907E9
51.508465	-0.13868	1.250998971E9
51.508833	-0.137667	1.254774419E9
51.632253	-0.128086	1.254672607E9
51.647667	-0.132333	1.254677287E9
51.50983	-0.134711	1.255544529E9
51.509153	-0.13647	1.260902154E9
51.508889	-0.137007	1.268325478E9
51.508889	-0.137007	1.268325497E9
51.510151	-0.134593	1.284982727E9
51.510144	-0.133284	1.292620923E9
51.5089	-0.135991	1.186229603E9
51.509837	-0.134453	1.182888971E9
51.510011	-0.134958	1.173964921E9
51.507547	-0.141448	1.190928021E9
51.509709	-0.134455	1.181505943E9
51.509931	-0.134687	1.181506254E9
51.509026	-0.137087	1.230810259E9
51.509026	-0.137087	1.230810254E9
51.509026	-0.137087	1.230810263E9
51.509026	-0.137087	1.230810288E9
51.509026	-0.137087	1.230810219E9
51.509026	-0.137087	1.230810239E9
51.509026	-0.137087	1.230810243E9
51.509026	-0.137087	1.23081021E9
51.509026	-0.137087	1.2308102E9
51.509026	-0.137087	1.230810215E9
51.509026	-0.137087	1.230810196E9
51.50181	-0.160599	1.231890526E9
51.50732	-0.141727	1.19092903E9
51.50732	-0.141727	1.190929151E9
51.50732	-0.141727	1.190929471E9
51.498441	-0.162338	1.217098922E9
51.498424	-0.162649	1.216480896E9
51.510104	-0.134496	1.248903551E9
51.510021	-0.135183	1.258656872E9
51.510024	-0.134249	1.268925687E9
51.502117	-0.140987	1.255274266E9
51.502117	-0.140987	1.255273762E9
51.507544	0.020502	1.290116454E9