"lat" "lon" "time"
"1" 51.509854 -0.13418 1181979048
"2" 51.509854 -0.13418 1181979028
"3" 51.509924 -0.135204 1196269491
"4" 51.504916 -0.146736 1217098500
"5" 51.507493 -0.141448 1290612284
"6" 51.509854 -0.13418 1181985005
"7" 51.507974 -0.139474 1181477890
"8" 51.5101 -0.1337 1187358896
"9" 51.510148 -0.134432 1203700837
"10" 51.509798 -0.134781 1210723200
"11" 51.510184 -0.134561 1210367397
"12" 51.510184 -0.134561 1210347552
"13" 51.510184 -0.134561 1210347523
"14" 51.50713 -0.141913 1217098789
"15" 51.50978 -0.134947 1231498110
"16" 51.510128 -0.134581 1233824430
"17" 51.509937 -0.134496 1208115523
"18" 51.509937 -0.134496 1208115945
"19" 51.510111 -0.134346 1259887383
"20" 51.510138 -0.134995 1261431780
"21" 51.510074 -0.134518 1264790906
"22" 51.510612 -0.134863 1266763675
"23" 51.509677 -0.135108 1274029992
"24" 51.509834 -0.134475 1246128565
"25" 51.510104 -0.134797 1282049207
"26" 51.508545 -0.138005 1288021824
"27" 51.508982 -0.138541 1288021924
"28" 51.508111 -0.139507 1288022314
"29" 51.508989 -0.139507 1288022143
"30" 51.508989 -0.139507 1288022077
"31" 51.508111 -0.139507 1288022885
"32" 51.508585 -0.139088 1288022249
"33" 51.508338 -0.139721 1288022834
"34" 51.508545 -0.138005 1288021851
"35" 51.508585 -0.139088 1288022873
"36" 51.508338 -0.139721 1288022376
"37" 51.508545 -0.138005 1288021844
"38" 51.508765 -0.139281 1288022158
"39" 51.508585 -0.139088 1288022280
"40" 51.508431 -0.138434 1288022019
"41" 51.508431 -0.138434 1288022005
"42" 51.508585 -0.139088 1288022280
"43" 51.508682 -0.137618 1288021966
"44" 51.510238 -0.134582 1291916379
"45" 51.510071 -0.13485 1173459554
"46" 51.508194 -0.139764 1173818552
"47" 51.511012 -0.130119 1174159923
"48" 51.506866 -0.142714 1174221067
"49" 51.506866 -0.142714 1174221253
"50" 51.506866 -0.142714 1174221323
"51" 51.506866 -0.142714 1174221339
"52" 51.506866 -0.142714 1174221363
"53" 51.506866 -0.142714 1174220882
"54" 51.506866 -0.142714 1174221464
"55" 51.506866 -0.142714 1174222015
"56" 51.506866 -0.142714 1174220919
"57" 51.506866 -0.142714 1174222019
"58" 51.506866 -0.142714 1174221496
"59" 51.506866 -0.142714 1174221172
"60" 51.506866 -0.142714 1174220725
"61" 51.506866 -0.142714 1174220878
"62" 51.506866 -0.142714 1174221119
"63" 51.506866 -0.142714 1174221775
"64" 51.506866 -0.142714 1174220867
"65" 51.506866 -0.142714 1174221978
"66" 51.506866 -0.142714 1174221454
"67" 51.506866 -0.142714 1174221346
"68" 51.506866 -0.142714 1174221997
"69" 51.506866 -0.142714 1174220912
"70" 51.506866 -0.142714 1174222115
"71" 51.506866 -0.142714 1174221486
"72" 51.506866 -0.142714 1174221261
"73" 51.506866 -0.142714 1174221334
"74" 51.506866 -0.142714 1174221461
"75" 51.506866 -0.142714 1174220786
"76" 51.506866 -0.142714 1174221268
"77" 51.506866 -0.142714 1174221072
"78" 51.506866 -0.142714 1174222029
"79" 51.506866 -0.142714 1174221491
"80" 51.506866 -0.142714 1174220777
"81" 51.506866 -0.142714 1174222039
"82" 51.506866 -0.142714 1174222054
"83" 51.506866 -0.142714 1174221062
"84" 51.506866 -0.142714 1174222057
"85" 51.506866 -0.142714 1174223781
"86" 51.506866 -0.142714 1174223030
"87" 51.506866 -0.142714 1174223300
"88" 51.506866 -0.142714 1174223363
"89" 51.506866 -0.142714 1174223036
"90" 51.506866 -0.142714 1174223339
"91" 51.506866 -0.142714 1174223360
"92" 51.506866 -0.142714 1174223378
"93" 51.506866 -0.142714 1174223403
"94" 51.506866 -0.142714 1174224003
"95" 51.506866 -0.142714 1174223342
"96" 51.506866 -0.142714 1174223041
"97" 51.506866 -0.142714 1174223281
"98" 51.506866 -0.142714 1174223350
"99" 51.506866 -0.142714 1174223448
"100" 51.506866 -0.142714 1174223429
"101" 51.506866 -0.142714 1174223385
"102" 51.506866 -0.142714 1174223276
"103" 51.506866 -0.142714 1174223291
"104" 51.506866 -0.142714 1174223431
"105" 51.506866 -0.142714 1174223332
"106" 51.506866 -0.142714 1174223312
"107" 51.506866 -0.142714 1174223358
"108" 51.506866 -0.142714 1174223168
"109" 51.506866 -0.142714 1174223421
"110" 51.506866 -0.142714 1174223786
"111" 51.506866 -0.142714 1174223265
"112" 51.506866 -0.142714 1174223744
"113" 51.506866 -0.142714 1174223138
"114" 51.506866 -0.142714 1174222124
"115" 51.506866 -0.142714 1174222337
"116" 51.506866 -0.142714 1174222761
"117" 51.506866 -0.142714 1174222139
"118" 51.506866 -0.142714 1174222118
"119" 51.506866 -0.142714 1174222856
"120" 51.506866 -0.142714 1174222351
"121" 51.506866 -0.142714 1174222848
"122" 51.506866 -0.142714 1174222826
"123" 51.506866 -0.142714 1174222272
"124" 51.506866 -0.142714 1174223023
"125" 51.510051 -0.134936 1173113895
"126" 51.508842 -0.137221 1175502422
"127" 51.510144 -0.134453 1176567358
"128" 51.510144 -0.134453 1176567419
"129" 51.510144 -0.134453 1176567406
"130" 51.510144 -0.134453 1176567426
"131" 51.510144 -0.134453 1176583736
"132" 51.510144 -0.134453 1176567512
"133" 51.510051 -0.134904 1172168696
"134" 51.509951 -0.13426 1179758886
"135" 51.510057 -0.13463 1182177083
"136" 51.510037 -0.134936 1182610178
"137" 51.510017 -0.134614 1181162872
"138" 51.510164 -0.134389 1182091032
"139" 51.506799 -0.14265 1186595108
"140" 51.509997 -0.134732 1178053980
"141" 51.508819 -0.141373 1189761304
"142" 51.510451 -0.135896 1188524898
"143" 51.510067 -0.134888 1193505262
"144" 51.510011 -0.1344 1183154149
"145" 51.510011 -0.1344 1183154159
"146" 51.510011 -0.1344 1185658311
"147" 51.510138 -0.134174 1196968761
"148" 51.509256 -0.136513 1197464539
"149" 51.503867 -0.149077 1197474193
"150" 51.503867 -0.149077 1197467807
"151" 51.50988 -0.134582 1196937764
"152" 51.50988 -0.134582 1196937861
"153" 51.510077 -0.134577 1196191356
"154" 51.510077 -0.135129 1198181600
"155" 51.508451 -0.137575 1200602911
"156" 51.508451 -0.137575 1200602264
"157" 51.508451 -0.137575 1200599015
"158" 51.508451 -0.137575 1200601222
"159" 51.508451 -0.137575 1200602154
"160" 51.508451 -0.137575 1200601644
"161" 51.509824 -0.13617 1202911114
"162" 51.509353 -0.135955 1202907690
"163" 51.509353 -0.135955 1202907682
"164" 51.510148 -0.134432 1203701004
"165" 51.510148 -0.134432 1203700981
"166" 51.510331 -0.134695 1205348500
"167" 51.510331 -0.134695 1205348482
"168" 51.510131 -0.134662 1208318279
"169" 51.510134 -0.134614 1208624236
"170" 51.510134 -0.134614 1208624243
"171" 51.510134 -0.134614 1208624144
"172" 51.510134 -0.134614 1208624187
"173" 51.510134 -0.134614 1208624131
"174" 51.510845 -0.129754 1208857529
"175" 51.504702 -0.147993 1209905771
"176" 51.504702 -0.147993 1209905742
"177" 51.504702 -0.147993 1209905370
"178" 51.504702 -0.147993 1209905765
"179" 51.510134 -0.13441 1210857274
"180" 51.510031 -0.134614 1212942879
"181" 51.510097 -0.135601 1212941748
"182" 51.510341 -0.135097 1212941902
"183" 51.505244 -0.146169 1213896117
"184" 51.510041 -0.135478 1216657709
"185" 51.509971 -0.134872 1216336511
"186" 51.510291 -0.134721 1195996290
"187" 51.506711 -0.131963 1214683581
"188" 51.509918 -0.134035 1216725235
"189" 51.509533 -0.135602 1220026001
"190" 51.509533 -0.135602 1220026033
"191" 51.509533 -0.135602 1220025963
"192" 51.509533 -0.135602 1220025944
"193" 51.504937 -0.146183 1177579841
"194" 51.510044 -0.134475 1220826050
"195" 51.510116 -0.134598 1222527888
"196" 51.510116 -0.134598 1222544201
"197" 51.510116 -0.134598 1222544108
"198" 51.510116 -0.134598 1222544450
"199" 51.510116 -0.134598 1222544277
"200" 51.510116 -0.134598 1222544374
"201" 51.510116 -0.134598 1222527887
"202" 51.510116 -0.134598 1222544186
"203" 51.510116 -0.134598 1222527794
"204" 51.510116 -0.134598 1222544412
"205" 51.510116 -0.134598 1222544140
"206" 51.501869 -0.140617 1222521796
"207" 51.510226 -0.134561 1224574238
"208" 51.510226 -0.134561 1224574234
"209" 51.510226 -0.134561 1224574210
"210" 51.510226 -0.134561 1224574242
"211" 51.509837 -0.138005 1227907625
"212" 51.509837 -0.138005 1227909748
"213" 51.509837 -0.138005 1227906319
"214" 51.509837 -0.138005 1227907279
"215" 51.509837 -0.138005 1227905409
"216" 51.509837 -0.138005 1227905087
"217" 51.509837 -0.138005 1227907304
"218" 51.509837 -0.138005 1227904882
"219" 51.509837 -0.138005 1227904845
"220" 51.509837 -0.138005 1227904949
"221" 51.509837 -0.138005 1227904936
"222" 51.509837 -0.138005 1227904865
"223" 51.510128 -0.134807 1203012819
"224" 51.510128 -0.134807 1203012819
"225" 51.510144 -0.134367 1228057882
"226" 51.510272 -0.134555 1230564402
"227" 51.510144 -0.134367 1230927455
"228" 51.510144 -0.134367 1230926934
"229" 51.510346 -0.135097 1230926735
"230" 51.509924 -0.134539 1230047934
"231" 51.509957 -0.134829 1231610640
"232" 51.510151 -0.133949 1208627617
"233" 51.509777 -0.135031 1234713547
"234" 51.509777 -0.135031 1234713510
"235" 51.51 -0.134334 1237402581
"236" 51.510017 -0.134721 1239027827
"237" 51.500872 -0.121182 1241105072
"238" 51.509807 -0.134904 1242223441
"239" 51.50985 -0.134475 1243852458
"240" 51.510154 -0.134754 1187366823
"241" 51.509857 -0.134673 1245970086
"242" 51.509811 -0.134829 1241829199
"243" 51.509998 -0.1345 1252279719
"244" 51.509998 -0.1345 1252274257
"245" 51.509998 -0.1345 1252274239
"246" 51.509904 -0.134196 1246220320
"247" 51.510061 -0.134249 1254069770
"248" 51.510061 -0.134249 1254069815
"249" 51.510061 -0.134249 1254069801
"250" 51.510061 -0.134249 1254069783
"251" 51.508266 -0.139775 1254319622
"252" 51.508787 -0.139249 1254319826
"253" 51.508819 -0.137366 1255450957
"254" 51.511388 -0.133334 1259252411
"255" 51.51 -0.133834 1259927479
"256" 51.510033 -0.134492 1259355238
"257" 51.510074 -0.134507 1260028163
"258" 51.510084 -0.134325 1261248829
"259" 51.510138 -0.134443 1261072760
"260" 51.509917 -0.134464 1261225876
"261" 51.508787 -0.139249 1202808908
"262" 51.50968 -0.135108 1264861523
"263" 51.509937 -0.134485 1251473600
"264" 51.509924 -0.134464 1251473582
"265" 51.508833 -0.139167 1270396935
"266" 51.510044 -0.134571 1273436167
"267" 51.494396 -0.174 1270321151
"268" 51.508632 -0.138916 1276444316
"269" 51.508448 -0.13867 1276444347
"270" 51.508465 -0.138916 1278272976
"271" 51.508465 -0.13838 1278858423
"272" 51.508408 -0.139024 1278859893
"273" 51.508368 -0.139088 1278859239
"274" 51.510278 -0.134582 1279062863
"275" 51.510278 -0.134582 1279062815
"276" 51.510278 -0.134582 1279062978
"277" 51.509787 -0.134775 1277205134
"278" 51.509777 -0.134936 1282994071
"279" 51.510211 -0.134518 1252942899
"280" 51.508338 -0.139721 1288022805
"281" 51.510755 -0.135644 1282404843
"282" 51.509914 -0.135 1284411250
"283" 51.509697 -0.134979 1292101879
"284" 51.510211 -0.134518 1293638131
"285" 51.510211 -0.134518 1293638229
"286" 51.510211 -0.134518 1293638254
"287" 51.510211 -0.134518 1293638149
"288" 51.510211 -0.134518 1293638242
"289" 51.510211 -0.134518 1293638265
"290" 51.510211 -0.134518 1293638214
"291" 51.506866 -0.142714 1174220603
"292" 51.506866 -0.142714 1174222493
"293" 51.509854 -0.135194 1177099402
"294" 51.510084 -0.134603 1180196335
"295" 51.510084 -0.134603 1180196347
"296" 51.509487 -0.135859 1183831332
"297" 51.510004 -0.134518 1185795874
"298" 51.510004 -0.134518 1185795162
"299" 51.507937 -0.140982 1183320227
"300" 51.506835 -0.143235 1183319862
"301" 51.509997 -0.135183 1185649098
"302" 51.510144 -0.13463 1188524552
"303" 51.509744 -0.135033 1191798294
"304" 51.510248 -0.134078 1196949472
"305" 51.510248 -0.134078 1196949379
"306" 51.510118 -0.134587 1197745872
"307" 51.510118 -0.134587 1197745812
"308" 51.507827 -0.135199 1200048487
"309" 51.510101 -0.134335 1199808269
"310" 51.615928 -0.132919 1203253098
"311" 51.509997 -0.133439 1205348688
"312" 51.508295 -0.138927 1205589948
"313" 51.509974 -0.134421 1209767194
"314" 51.510041 -0.134421 1218636244
"315" 51.510097 -0.134346 1199715368
"316" 51.510087 -0.13441 1212453972
"317" 51.510144 -0.134367 1230926990
"318" 51.510144 -0.134367 1230926989
"319" 51.510144 -0.134367 1230926985
"320" 51.510144 -0.134367 1230926982
"321" 51.507039 -0.142318 1231937713
"322" 51.510234 -0.13455 1229786719
"323" 51.510011 -0.134931 1232469376
"324" 51.509824 -0.134947 1240058923
"325" 51.509583 -0.135258 1244476606
"326" 51.510194 -0.133177 1246717128
"327" 51.509811 -0.134829 1247194384
"328" 51.509638 -0.134834 1248111281
"329" 51.510355 -0.134753 1249492218
"330" 51.510368 -0.134527 1249493705
"331" 51.510368 -0.134527 1249492499
"332" 51.510368 -0.134527 1249490436
"333" 51.509849 -0.134625 1250777603
"334" 51.506421 -0.13985 1253465202
"335" 51.510134 -0.134421 1253739058
"336" 51.510061 -0.134249 1254069829
"337" 51.510061 -0.134249 1254069847
"338" 51.510184 -0.135076 1256329200
"339" 51.510218 -0.134544 1246637176
"340" 51.510218 -0.134544 1246616966
"341" 51.510218 -0.134544 1246617232
"342" 51.509143 -0.135515 1259342743
"343" 51.505253 -0.142028 1263562107
"344" 51.509991 -0.134679 1267220985
"345" 51.504 -0.1485 1268830629
"346" 51.504 -0.1485 1268830579
"347" 51.504 -0.1485 1268837298
"348" 51.504 -0.1485 1268837072
"349" 51.504 -0.1485 1268837146
"350" 51.504 -0.1485 1268837365
"351" 51.455666 -0.153334 1268830530
"352" 51.504 -0.1485 1268837515
"353" 51.504 -0.1485 1268837049
"354" 51.504 -0.1485 1268830596
"355" 51.510822 -0.135539 1271407644
"356" 51.508261 -0.139743 1278272926
"357" 51.508261 -0.139743 1278272913
"358" 51.512462 -0.116487 1278701077
"359" 51.508792 -0.139281 1278852179
"360" 51.507964 -0.140579 1277060589
"361" 51.507844 -0.140837 1277060377
"362" 51.509827 -0.134464 1277205075
"363" 51.509887 -0.135033 1277204961
"364" 51.509947 -0.134367 1252942837
"365" 51.509977 -0.13455 1288190734
"366" 51.509917 -0.135515 1289664921
"367" 51.509697 -0.134979 1292102462
"368" 51.509697 -0.134979 1292103642
"369" 51.509697 -0.134979 1292105922
"370" 51.506672 -0.143208 1291489032
"371" 51.506672 -0.143208 1291488984
"372" 51.506672 -0.143208 1291488871
"373" 51.506672 -0.143208 1291488924
"374" 51.509697 -0.134979 1292105544
"375" 51.509697 -0.134979 1292103923
"376" 51.509816 -0.13492 1292074545
"377" 51.510505 -0.131471 1293638307
"378" 51.510505 -0.131471 1293638512
"379" 51.510505 -0.131471 1293638385
"380" 51.510505 -0.131471 1293638366
"381" 51.510164 -0.134636 1279975423
"382" 51.505239 -0.14618 1175033410
"383" 51.523163 -0.124347 1175435380
"384" 51.510061 -0.13455 1180316924
"385" 51.510004 -0.134518 1185795867
"386" 51.510004 -0.134518 1185795156
"387" 51.510124 -0.134582 1187120317
"388" 51.509974 -0.134888 1187533922
"389" 51.508896 -0.13794 1188741217
"390" 51.510144 -0.13463 1188524330
"391" 51.510144 -0.13463 1188524609
"392" 51.510144 -0.13463 1188524497
"393" 51.510144 -0.13463 1188524528
"394" 51.510552 -0.134003 1191095054
"395" 51.510218 -0.134636 1193869082
"396" 51.50877 -0.137919 1196501878
"397" 51.509977 -0.136063 1196986887
"398" 51.510158 -0.134378 1196962639
"399" 51.509977 -0.136063 1196986859
"400" 51.51 -0.131944 1192825105
"401" 51.509722 -0.134166 1192820967
"402" 51.509722 -0.134166 1192820967
"403" 51.509722 -0.134166 1192820912
"404" 51.509722 -0.134166 1192820912
"405" 51.509722 -0.133333 1192792055
"406" 51.509722 -0.133333 1192792034
"407" 51.509722 -0.134444 1192791229
"408" 51.508333 -0.131666 1192792321
"409" 51.508333 -0.131666 1192792310
"410" 51.509722 -0.133611 1192973350
"411" 51.509722 -0.133333 1192973259
"412" 51.51 -0.132222 1192973085
"413" 51.509722 -0.133333 1192973278
"414" 51.51 -0.1325 1192973154
"415" 51.51 -0.132222 1192973102
"416" 51.51 -0.1325 1192973143
"417" 51.508802 -0.139228 1199301133
"418" 51.506755 -0.142221 1192804528
"419" 51.510164 -0.134625 1195341511
"420" 51.510037 -0.133531 1167609666
"421" 51.510037 -0.133531 1167609921
"422" 51.510037 -0.133531 1167609674
"423" 51.508776 -0.136187 1201970665
"424" 51.510031 -0.134539 1206370413
"425" 51.509837 -0.13455 1208550755
"426" 51.510218 -0.13441 1209747926
"427" 51.510218 -0.13441 1209763385
"428" 51.510646 -0.13042 1192975224
"429" 51.509834 -0.133333 1192842441
"430" 51.510592 -0.130087 1192975182
"431" 51.510206 -0.133115 1192978351
"432" 51.509667 -0.1345 1192841550
"433" 51.510332 -0.132437 1192978292
"434" 51.509499 -0.134667 1192841426
"435" 51.509667 -0.134333 1192841618
"436" 51.510131 -0.133488 1192978468
"437" 51.509667 -0.1345 1192841527
"438" 51.510206 -0.133115 1192978323
"439" 51.509361 -0.135609 1217077163
"440" 51.508411 -0.138884 1217877522
"441" 51.510057 -0.134561 1221772999
"442" 51.508648 -0.139367 1224016127
"443" 51.510071 -0.135113 1227046030
"444" 51.510071 -0.135113 1227046076
"445" 51.510111 -0.134346 1228947070
"446" 51.511727 -0.132533 1228950771
"447" 51.511106 -0.133928 1228941984
"448" 51.51145 -0.132136 1228939721
"449" 51.511106 -0.133928 1228939331
"450" 51.510278 -0.134593 1228938812
"451" 51.511106 -0.133928 1228939312
"452" 51.510144 -0.134367 1228057932
"453" 51.510134 -0.134582 1228493060
"454" 51.510178 -0.135 1231497911
"455" 51.510114 -0.134421 1223732408
"456" 51.508922 -0.13853 1231845010
"457" 51.510001 -0.135108 1232055908
"458" 51.508395 -0.138391 1232215962
"459" 51.510104 -0.134561 1232128940
"460" 51.508121 -0.139501 1231708473
"461" 51.510111 -0.134443 1232130022
"462" 51.509931 -0.134689 1234286661
"463" 51.50778 -0.140097 1234014435
"464" 51.509954 -0.134367 1235913677
"465" 51.510001 -0.134614 1216059663
"466" 51.510031 -0.13499 1237722817
"467" 51.510111 -0.134684 1241004070
"468" 51.50981 -0.134829 1241473277
"469" 51.5125 -0.136945 1242133357
"470" 51.509911 -0.134464 1233573297
"471" 51.509383 -0.134512 1239463748
"472" 51.510094 -0.135389 1243509625
"473" 51.510094 -0.135389 1243509202
"474" 51.509971 -0.134528 1246667176
"475" 51.509083 -0.134153 1246720661
"476" 51.509931 -0.134453 1246711605
"477" 51.509931 -0.134453 1246711600
"478" 51.509072 -0.133917 1246711716
"479" 51.507911 -0.140333 1247141272
"480" 51.510101 -0.134367 1238793330
"481" 51.509811 -0.134829 1248728204
"482" 51.510368 -0.134527 1249492490
"483" 51.510368 -0.134527 1249493930
"484" 51.510368 -0.134527 1249492515
"485" 51.511279 -0.134174 1249493824
"486" 51.510355 -0.134753 1249492355
"487" 51.510368 -0.134527 1249492396
"488" 51.510355 -0.134753 1249492247
"489" 51.510355 -0.134753 1249492295
"490" 51.510388 -0.134892 1249493775
"491" 51.510355 -0.134753 1249492207
"492" 51.509931 -0.134603 1250290968
"493" 51.509849 -0.134625 1250777621
"494" 51.510198 -0.132376 1251788963
"495" 51.510051 -0.134619 1251789061
"496" 51.508762 -0.139281 1253373084
"497" 51.509883 -0.134367 1253785708
"498" 51.508762 -0.139281 1254473933
"499" 51.510184 -0.135076 1256329396
"500" 51.509811 -0.134829 1260460152
"501" 51.509811 -0.134829 1260460167
"502" 51.510436 -0.134498 1261473735
"503" 51.509593 -0.135151 1261598220
"504" 51.504755 -0.141888 1263562209
"505" 51.50982 -0.134764 1181469473
"506" 51.508472 -0.139002 1258822349
"507" 51.510298 -0.134603 1270078735
"508" 51.508876 -0.139324 1273603707
"509" 51.509306 -0.135526 1274266960
"510" 51.508876 -0.139324 1274989247
"511" 51.50987 -0.134582 1277857612
"512" 51.523069 -0.124389 1275159368
"513" 51.508465 -0.138916 1278272951
"514" 51.508909 -0.139346 1279475866
"515" 51.510071 -0.134362 1278239959
"516" 51.50755 -0.141513 1277204292
"517" 51.508585 -0.13911 1277204541
"518" 51.50961 -0.134652 1283968744
"519" 51.508401 -0.139077 1286829597
"520" 51.510077 -0.134561 1286029278
"521" 51.508682 -0.137618 1288021724
"522" 51.507797 -0.1403 1288022614
"523" 51.508592 -0.133616 1289347634
"524" 51.510161 -0.134507 1255022107
"525" 51.510017 -0.134941 1288929343
"526" 51.510017 -0.134941 1288929384
"527" 51.5114 -0.133264 1290158376
"528" 51.509697 -0.134979 1292103902
"529" 51.509697 -0.134979 1292101649
"530" 51.509697 -0.134979 1292103023
"531" 51.506672 -0.143208 1291489028
"532" 51.510017 -0.134528 1291478989
"533" 51.509697 -0.134979 1292276648
"534" 51.509697 -0.134979 1292105510
"535" 51.509697 -0.134979 1292103724
"536" 51.509697 -0.134979 1292103479
"537" 51.5085 -0.1385 1291027616
"538" 51.508598 -0.138058 1293025548
"539" 51.505166 -0.144104 1292855627
"540" 51.510213 -0.1347 1293498487
"541" 51.510213 -0.1347 1293498469
"542" 51.507767 -0.140579 1282973701
"543" 51.509887 -0.133391 1170543621
"544" 51.510331 -0.134614 1170543631
"545" 51.509924 -0.134555 1171130018
"546" 51.509924 -0.134555 1171129931
"547" 51.509924 -0.134555 1171129952
"548" 51.509924 -0.134555 1171130069
"549" 51.510007 -0.134389 1175777551
"550" 51.510007 -0.134389 1175777587
"551" 51.510007 -0.134389 1175777392
"552" 51.510532 -0.131074 1177944891
"553" 51.506278 -0.14412 1181560686
"554" 51.509904 -0.134603 1185830415
"555" 51.509904 -0.134603 1185832464
"556" 51.506672 -0.142918 1185311128
"557" 51.510124 -0.134582 1187120279
"558" 51.509951 -0.134432 1188107787
"559" 51.508989 -0.136535 1188741903
"560" 51.50961 -0.135971 1192714379
"561" 51.509423 -0.135982 1192714350
"562" 51.510251 -0.134561 1196177295
"563" 51.509844 -0.135333 1197751199
"564" 51.510017 -0.134958 1197751770
"565" 51.509557 -0.134797 1197743907
"566" 51.509984 -0.134491 1180520563
"567" 51.508776 -0.136187 1201972225
"568" 51.508776 -0.136187 1201972204
"569" 51.508896 -0.139485 1203173102
"570" 51.509286 -0.136476 1205596319
"571" 51.509413 -0.135805 1209565727
"572" 51.509667 -0.135102 1202922208
"573" 51.510138 -0.134389 1210887695
"574" 51.509096 -0.136899 1212187539
"575" 51.50731 -0.141427 1212154130
"576" 51.509667 -0.1345 1192841480
"577" 51.505613 -0.0753 1213144362
"578" 51.509991 -0.134786 1213144376
"579" 51.509991 -0.134786 1213144385
"580" 51.509991 -0.134689 1215474957
"581" 51.509991 -0.134689 1215474482
"582" 51.509951 -0.134432 1214100122
"583" 51.509343 -0.137157 1219413372
"584" 51.503428 -0.280929 1220960119
"585" 51.509777 -0.135 1221318813
"586" 51.510044 -0.134947 1221737488
"587" 51.510031 -0.134925 1221563391
"588" 51.510031 -0.134925 1221563425
"589" 51.510031 -0.134925 1221563186
"590" 51.510031 -0.134925 1221563326
"591" 51.510031 -0.134925 1221563153
"592" 51.508648 -0.139367 1222888096
"593" 51.509122 -0.13654 1222523311
"594" 51.510114 -0.134571 1224259779
"595" 51.50684 -0.142784 1227580469
"596" 51.510184 -0.134721 1227024664
"597" 51.510037 -0.133434 1228127232
"598" 51.510178 -0.133616 1229075286
"599" 51.511106 -0.133928 1228942491
"600" 51.511106 -0.133928 1228943130
"601" 51.511106 -0.133928 1228943107
"602" 51.509106 -0.136771 1230051006
"603" 51.50978 -0.134947 1231498101
"604" 51.506896 -0.142747 1231937784
"605" 51.509944 -0.134282 1223732408
"606" 51.507006 -0.142259 1233224020
"607" 51.508695 -0.137763 1231708611
"608" 51.50766 -0.127941 1234824065
"609" 51.510154 -0.134679 1235325353
"610" 51.509824 -0.134561 1234528929
"611" 51.513101 -0.101128 1236946375
"612" 51.503036 -0.280312 1233455249
"613" 51.510027 -0.134528 1269191443
"614" 51.512222 -0.135556 1238589331
"615" 51.509834 -0.134239 1238270222
"616" 51.509951 -0.134775 1206371922
"617" 51.508939 -0.139356 1240056699
"618" 51.508752 -0.139346 1240056285
"619" 51.503251 -0.142221 1240573093
"620" 51.510174 -0.13441 1229182454
"621" 51.510174 -0.13441 1229182445
"622" 51.506271 -0.141985 1240944120
"623" 51.490328 -0.215558 1237053138
"624" 51.509951 -0.134732 1241990144
"625" 51.509951 -0.134732 1241990288
"626" 51.504929 -0.146614 1243087578
"627" 51.510081 -0.134464 1242763537
"628" 51.508662 -0.136588 1243093940
"629" 51.510094 -0.135389 1243509094
"630" 51.510094 -0.135389 1243509108
"631" 51.513838 -0.10092 1243613626
"632" 51.509877 -0.134668 1245269109
"633" 51.508876 -0.139356 1246569384
"634" 51.509029 -0.139485 1246569247
"635" 51.508876 -0.139356 1246569409
"636" 51.511926 -0.131631 1246973419
"637" 51.505718 -0.122193 1247143753
"638" 51.511318 -0.135955 1246980767
"639" 51.511318 -0.135955 1246980753
"640" 51.511318 -0.135955 1246980764
"641" 51.505928 -0.126886 1247131611
"642" 51.509931 -0.134453 1246711694
"643" 51.508842 -0.13676 1247870586
"644" 51.509916 -0.133723 1246544872
"645" 51.510171 -0.134475 1249403103
"646" 51.510355 -0.134753 1249493529
"647" 51.509694 -0.134528 1249742663
"648" 51.509562 -0.135097 1250281205
"649" 51.509562 -0.135097 1250285680
"650" 51.509562 -0.135097 1250286510
"651" 51.509562 -0.135097 1250287186
"652" 51.509562 -0.135097 1250286308
"653" 51.509562 -0.135097 1250285612
"654" 51.509562 -0.135097 1250287071
"655" 51.509562 -0.135097 1250287405
"656" 51.509562 -0.135097 1250281453
"657" 51.509562 -0.135097 1250281195
"658" 51.509562 -0.135097 1250285435
"659" 51.508849 -0.139447 1251789549
"660" 51.508929 -0.139811 1251789626
"661" 51.508849 -0.139447 1251789528
"662" 51.508762 -0.139281 1253369890
"663" 51.508762 -0.139281 1253375914
"664" 51.508635 -0.138058 1253797521
"665" 51.510311 -0.132544 1251026336
"666" 51.50972 -0.134636 1251026515
"667" 51.51023 -0.134625 1250960087
"668" 51.509911 -0.134464 1252856918
"669" 51.509911 -0.134464 1252856543
"670" 51.509911 -0.134464 1252856752
"671" 51.509911 -0.134464 1252857147
"672" 51.509911 -0.134464 1252857233
"673" 51.508762 -0.139281 1254473831
"674" 51.508762 -0.139281 1254473865
"675" 51.50989 -0.134121 1254437823
"676" 51.509931 -0.134603 1253912784
"677" 51.503399 -0.141707 1257177105
"678" 51.504015 -0.142161 1257177061
"679" 51.50972 -0.134636 1251026535
"680" 51.509814 -0.134668 1258473360
"681" 51.510017 -0.134861 1249831944
"682" 51.509283 -0.136127 1260901002
"683" 51.509694 -0.134743 1261597381
"684" 51.508261 -0.13971 1259864062
"685" 51.508261 -0.13971 1259863982
"686" 51.508765 -0.139389 1261829887
"687" 51.504755 -0.141888 1263562201
"688" 51.510044 -0.134518 1181469443
"689" 51.510375 -0.134485 1181469502
"690" 51.510061 -0.13441 1257002563
"691" 51.50989 -0.134325 1265913079
"692" 51.510144 -0.134561 1266325531
"693" 51.510044 -0.134721 1222043368
"694" 51.510044 -0.134721 1222043268
"695" 51.510044 -0.134721 1222042617
"696" 51.510051 -0.134325 1267805948
"697" 51.510136 -0.134866 1241472290
"698" 51.509199 -0.136191 1267816310
"699" 51.510315 -0.134571 1218447108
"700" 51.508982 -0.13971 1200843074
"701" 51.509934 -0.134705 1263067257
"702" 51.510498 -0.130623 1271538392
"703" 51.510131 -0.134357 1270079916
"704" 51.508482 -0.138981 1271487117
"705" 51.508001 -0.140225 1266756585
"706" 51.506732 -0.14309 1273509318
"707" 51.512127 -0.115646 1273897983
"708" 51.512127 -0.115646 1273898039
"709" 51.50987 -0.134743 1275143439
"710" 51.507884 -0.140182 1277479059
"711" 51.507186 -0.141459 1278417483
"712" 51.510084 -0.134228 1263676841
"713" 51.510037 -0.134196 1278889256
"714" 51.510037 -0.134196 1278025214
"715" 51.5093 -0.13989 1280777798
"716" 51.508465 -0.138638 1281182637
"717" 51.508221 -0.140005 1280915971
"718" 51.50754 -0.141352 1284823420
"719" 51.508795 -0.137833 1284823978
"720" 51.508795 -0.137833 1284824247
"721" 51.50754 -0.141352 1284823615
"722" 51.508795 -0.137833 1284823974
"723" 51.509263 -0.136342 1284824867
"724" 51.508795 -0.137833 1284824008
"725" 51.50754 -0.141352 1284823564
"726" 51.50754 -0.141352 1284823670
"727" 51.50754 -0.141352 1284823683
"728" 51.508795 -0.137833 1284824350
"729" 51.506378 -0.143723 1284823322
"730" 51.506378 -0.143723 1284822683
"731" 51.506378 -0.143723 1284821990
"732" 51.504979 -0.146577 1284820093
"733" 51.504979 -0.146577 1284818889
"734" 51.504979 -0.146577 1284818611
"735" 51.506378 -0.143723 1284822598
"736" 51.506378 -0.143723 1284822764
"737" 51.506378 -0.143723 1284822693
"738" 51.504979 -0.146577 1284818158
"739" 51.504979 -0.146577 1284820172
"740" 51.506378 -0.143723 1284822658
"741" 51.504979 -0.146577 1284818684
"742" 51.504979 -0.146577 1284818234
"743" 51.504067 -0.148422 1284815621
"744" 51.504067 -0.148422 1284817054
"745" 51.504067 -0.148422 1284815636
"746" 51.504067 -0.148422 1284816293
"747" 51.504979 -0.146577 1284817602
"748" 51.504067 -0.148422 1284815714
"749" 51.504067 -0.148422 1284816547
"750" 51.509747 -0.13499 1286829611
"751" 51.50762 -0.140687 1288022635
"752" 51.510105 -0.134432 1288205062
"753" 51.509952 -0.134659 1277843489
"754" 51.510124 -0.134614 1246123972
"755" 51.496968 -0.168936 1289147684
"756" 51.497045 -0.169032 1289147836
"757" 51.510097 -0.134378 1290859948
"758" 51.509249 -0.137007 1291157681
"759" 51.509209 -0.136985 1291157663
"760" 51.509213 -0.137007 1291157674
"761" 51.458238 -0.052109 1291508922
"762" 51.458238 -0.052109 1291511055
"763" 51.458238 -0.052109 1291509516
"764" 51.458238 -0.052109 1291508915
"765" 51.458238 -0.052109 1291508903
"766" 51.458238 -0.052109 1291509398
"767" 51.458238 -0.052109 1291508847
"768" 51.458238 -0.052109 1291508946
"769" 51.458238 -0.052109 1291509376
"770" 51.458238 -0.052109 1291498663
"771" 51.458238 -0.052109 1291498928
"772" 51.458238 -0.052109 1291499368
"773" 51.458238 -0.052109 1291498663
"774" 51.458238 -0.052109 1291508843
"775" 51.458238 -0.052109 1291498876
"776" 51.458238 -0.052109 1291498534
"777" 51.458238 -0.052109 1291498719
"778" 51.458238 -0.052109 1291499156
"779" 51.458238 -0.052109 1291499112
"780" 51.458238 -0.052109 1291498327
"781" 51.458238 -0.052109 1291506107
"782" 51.458238 -0.052109 1291498594
"783" 51.458238 -0.052109 1291499073
"784" 51.458238 -0.052109 1291498566
"785" 51.458238 -0.052109 1291499082
"786" 51.458238 -0.052109 1291497057
"787" 51.458238 -0.052109 1291496935
"788" 51.458238 -0.052109 1291491820
"789" 51.458238 -0.052109 1291497993
"790" 51.458238 -0.052109 1291498196
"791" 51.458238 -0.052109 1291491747
"792" 51.458238 -0.052109 1291498217
"793" 51.458238 -0.052109 1291498028
"794" 51.458238 -0.052109 1291491851
"795" 51.458238 -0.052109 1291497404
"796" 51.458238 -0.052109 1291498282
"797" 51.458238 -0.052109 1291497833
"798" 51.458238 -0.052109 1291498269
"799" 51.506849 -0.142146 1261499517
"800" 51.507326 -0.141288 1261499421
"801" 51.508598 -0.138058 1293025554
"802" 51.507954 -0.140038 1170361478
"803" 51.509839 -0.134652 1171900952
"804" 51.508061 -0.137951 1172925661
"805" 51.508061 -0.137951 1172925678
"806" 51.508061 -0.137951 1172925666
"807" 51.509106 -0.141524 1172847613
"808" 51.510124 -0.139828 1172919680
"809" 51.510124 -0.139828 1172919644
"810" 51.509106 -0.141524 1172847584
"811" 51.508061 -0.137951 1172925732
"812" 51.508061 -0.137951 1172925706
"813" 51.508401 -0.136771 1183214725
"814" 51.50939 -0.137683 1183503897
"815" 51.50939 -0.137683 1183503882
"816" 51.506398 -0.143637 1183830646
"817" 51.509555 -0.134835 1185226796
"818" 51.510605 -0.135376 1184972021
"819" 51.510605 -0.135376 1184971858
"820" 51.511246 -0.128424 1185915966
"821" 51.510298 -0.134872 1173418189
"822" 51.509049 -0.136224 1187634868
"823" 51.510161 -0.134389 1172500183
"824" 51.508992 -0.137618 1188741251
"825" 51.508855 -0.139346 1188739843
"826" 51.508855 -0.139346 1188739605
"827" 51.508855 -0.139303 1188033840
"828" 51.508909 -0.139464 1191676763
"829" 51.508909 -0.139464 1191676889
"830" 51.508909 -0.139464 1191676825
"831" 51.508909 -0.139464 1191676853
"832" 51.508909 -0.139464 1191676928
"833" 51.508909 -0.139464 1191677036
"834" 51.508909 -0.139464 1191676655
"835" 51.508909 -0.139464 1191676737
"836" 51.509897 -0.134593 1191397916
"837" 51.510034 -0.134952 1194034310
"838" 51.510114 -0.133241 1190514535
"839" 51.50985 -0.134775 1195932430
"840" 51.510024 -0.134582 1196026709
"841" 51.490198 -0.19594 1196613993
"842" 51.509844 -0.135333 1197748888
"843" 51.510017 -0.134958 1197751525
"844" 51.508742 -0.139233 1197813490
"845" 51.510157 -0.134505 1198457731
"846" 51.50782 -0.127243 1182582375
"847" 51.510278 -0.134636 1200334870
"848" 51.509984 -0.134491 1180520586
"849" 51.50897 -0.13505 1201776058
"850" 51.510134 -0.134743 1197330730
"851" 51.510004 -0.135891 1197331873
"852" 51.510004 -0.135891 1197331403
"853" 51.510118 -0.13455 1194878555
"854" 51.508535 -0.139313 1203173000
"855" 51.508535 -0.139313 1203172972
"856" 51.508535 -0.139313 1203173031
"857" 51.510278 -0.134636 1204828675
"858" 51.510047 -0.134539 1204829657
"859" 51.50983 -0.134679 1203792724
"860" 51.509123 -0.133166 1206278490
"861" 51.509931 -0.134292 1201899256
"862" 51.510164 -0.134582 1211733721
"863" 51.510164 -0.134582 1211733578
"864" 51.510164 -0.134582 1211733037
"865" 51.510164 -0.134582 1211733077
"866" 51.509991 -0.134786 1211942743
"867" 51.50983 -0.134904 1212188877
"868" 51.493017 -0.2245 1212333000
"869" 51.508034 -0.13941 1213390561
"870" 51.509911 -0.133418 1214150741
"871" 51.509904 -0.134791 1181699137
"872" 51.509904 -0.134791 1182540827
"873" 51.510044 -0.135108 1214487586
"874" 51.510459 -0.135757 1215861916
"875" 51.492122 -0.223782 1216317995
"876" 51.493628 -0.225048 1216317149
"877" 51.492122 -0.223782 1216317981
"878" 51.510258 -0.13514 1218402901
"879" 51.509961 -0.135709 1218403068
"880" 51.509864 -0.134603 1216823671
"881" 51.507941 -0.140286 1219869539
"882" 51.501578 -0.279126 1220962054
"883" 51.499354 -0.314403 1220961484
"884" 51.501578 -0.279126 1220962054
"885" 51.499354 -0.314403 1220961456
"886" 51.501103 -0.307193 1220961648
"887" 51.500395 -0.309618 1220960985
"888" 51.499487 -0.314006 1220961024
"889" 51.499434 -0.314843 1220960858
"890" 51.503428 -0.280929 1220960197
"891" 51.505077 -0.28375 1220960296
"892" 51.503428 -0.280929 1220960191
"893" 51.504182 -0.282281 1220960164
"894" 51.505077 -0.28375 1220960296
"895" 51.503428 -0.280929 1220960192
"896" 51.504182 -0.282281 1220959984
"897" 51.503234 -0.280929 1220959941
"898" 51.503234 -0.280929 1220959648
"899" 51.504182 -0.282281 1220959884
"900" 51.504182 -0.282281 1220959962
"901" 51.504182 -0.282281 1220959883
"902" 51.515193 -0.300745 1220958871
"903" 51.504182 -0.282281 1220959893
"904" 51.504182 -0.282281 1220959891
"905" 51.504182 -0.282281 1220959687
"906" 51.504182 -0.282281 1220959974
"907" 51.504182 -0.282281 1220959966
"908" 51.504182 -0.282281 1220959980
"909" 51.504182 -0.282281 1220959594
"910" 51.510044 -0.134947 1221737492
"911" 51.509737 -0.134882 1222008967
"912" 51.512194 -0.115742 1222271930
"913" 51.506729 -0.145492 1223213913
"914" 51.509089 -0.137211 1224356877
"915" 51.510164 -0.134582 1226944289
"916" 51.510164 -0.134582 1226944228
"917" 51.510164 -0.134582 1226944355
"918" 51.510164 -0.134582 1226944419
"919" 51.510164 -0.134582 1226943854
"920" 51.510164 -0.134582 1226943987
"921" 51.510164 -0.134582 1226944111
"922" 51.510164 -0.134582 1226944164
"923" 51.510164 -0.134582 1226943903
"924" 51.510164 -0.134582 1226944059
"925" 51.510164 -0.134582 1226943260
"926" 51.510164 -0.134582 1226943425
"927" 51.510164 -0.134582 1226943312
"928" 51.510164 -0.134582 1226943383
"929" 51.510164 -0.134582 1226943542
"930" 51.510164 -0.134582 1226943350
"931" 51.510144 -0.134475 1224706130
"932" 51.507276 -0.142275 1228314822
"933" 51.510134 -0.134582 1228493539
"934" 51.510134 -0.134582 1228493335
"935" 51.511106 -0.133928 1228944242
"936" 51.511106 -0.133928 1228944250
"937" 51.510692 -0.136663 1229473926
"938" 51.510111 -0.134389 1218322541
"939" 51.510094 -0.134539 1228832382
"940" 51.50962 -0.135204 1230051147
"941" 51.509259 -0.136427 1230051029
"942" 51.507166 -0.132651 1231001447
"943" 51.510097 -0.134325 1231711233
"944" 51.507039 -0.142318 1231937723
"945" 51.510204 -0.134561 1218480606
"946" 51.509844 -0.134979 1232989832
"947" 51.506582 -0.144667 1230768000
"948" 51.50551 -0.145386 1231707750
"949" 51.509383 -0.135966 1233409964
"950" 51.506896 -0.142747 1231937771
"951" 51.508822 -0.135923 1209049017
"952" 51.510815 -0.129915 1218492905
"953" 51.509811 -0.134829 1235820521
"954" 51.510251 -0.133016 1236364107
"955" 51.510084 -0.134464 1236450669
"956" 51.510084 -0.134464 1236450581
"957" 51.509987 -0.134539 1230765499
"958" 51.510004 -0.133295 1230765288
"959" 51.510061 -0.13455 1237059093
"960" 51.510231 -0.134528 1237409575
"961" 51.510231 -0.134528 1237409397
"962" 51.510041 -0.134603 1237904852
"963" 51.510087 -0.134367 1233587567
"964" 51.510141 -0.134292 1238165814
"965" 51.509811 -0.134829 1238273718
"966" 51.508892 -0.139625 1240056361
"967" 51.51001 -0.13353 1241875703
"968" 51.510174 -0.13441 1229182460
"969" 51.506271 -0.141985 1240943748
"970" 51.509951 -0.134732 1241990062
"971" 51.505677 -0.145069 1243087722
"972" 51.508129 -0.139561 1243026053
"973" 51.508375 -0.136819 1243094227
"974" 51.510087 -0.134587 1243097532
"975" 51.510094 -0.135389 1243509091
"976" 51.510094 -0.135389 1243509418
"977" 51.510094 -0.135389 1243509097
"978" 51.510525 -0.132071 1247235758
"979" 51.509958 -0.133475 1246544649
"980" 51.509737 -0.134904 1248113029
"981" 51.510138 -0.13455 1249279419
"982" 51.510161 -0.134443 1232993017
"983" 51.510031 -0.134786 1248298283
"984" 51.510077 -0.133464 1246756131
"985" 51.509933 -0.134078 1246741651
"986" 51.509952 -0.134323 1246738225
"987" 51.508825 -0.139249 1248456402
"988" 51.509029 -0.1392 1251789607
"989" 51.508655 -0.13906 1251789715
"990" 51.508615 -0.138663 1251789884
"991" 51.508655 -0.13906 1251789775
"992" 51.508833 -0.139834 1253116964
"993" 51.509276 -0.136148 1253798407
"994" 51.508652 -0.138198 1253797694
"995" 51.508855 -0.137361 1253797901
"996" 51.506325 -0.143659 1254070439
"997" 51.508799 -0.139228 1255265400
"998" 51.509931 -0.134603 1253922702
"999" 51.509931 -0.134603 1253912473
"1000" 51.509931 -0.134603 1253912424
"1001" 51.509931 -0.134603 1253920291
"1002" 51.509931 -0.134603 1253917385
"1003" 51.509931 -0.134603 1253912486
"1004" 51.509931 -0.134603 1253912519
"1005" 51.509931 -0.134603 1253917987
"1006" 51.509931 -0.134603 1253919821
"1007" 51.509931 -0.134603 1253913250
"1008" 51.509931 -0.134603 1253914254
"1009" 51.509931 -0.134603 1253912402
"1010" 51.510164 -0.134271 1255875040
"1011" 51.508799 -0.139303 1255702993
"1012" 51.509811 -0.134829 1255715763
"1013" 51.50987 -0.134614 1256999097
"1014" 51.50987 -0.134614 1256998844
"1015" 51.50987 -0.134614 1257001589
"1016" 51.50987 -0.134614 1257296233
"1017" 51.510037 -0.134904 1249860294
"1018" 51.508939 -0.131695 1259858932
"1019" 51.509062 -0.136975 1260022121
"1020" 51.510138 -0.13455 1260544677
"1021" 51.507146 -0.142135 1259861142
"1022" 51.50929 -0.136041 1260902361
"1023" 51.5093 -0.136095 1260901162
"1024" 51.509704 -0.134861 1260902173
"1025" 51.509283 -0.136127 1260901103
"1026" 51.508305 -0.139153 1260884486
"1027" 51.509062 -0.135419 1261569891
"1028" 51.510234 -0.13455 1261597546
"1029" 51.508201 -0.139732 1262358241
"1030" 51.509967 -0.134582 1262467405
"1031" 51.510304 -0.134625 1222973021
"1032" 51.509944 -0.134507 1254071557
"1033" 51.509811 -0.134829 1265054385
"1034" 51.509811 -0.134829 1265056595
"1035" 51.509637 -0.142103 1264279830
"1036" 51.509237 -0.136315 1264982400
"1037" 51.509958 -0.134498 1216626973
"1038" 51.509944 -0.134582 1223157547
"1039" 51.510141 -0.134614 1266074959
"1040" 51.507333 -0.141706 1268382705
"1041" 51.508912 -0.137318 1266682829
"1042" 51.507934 -0.14037 1268383016
"1043" 51.510051 -0.134464 1269822286
"1044" 51.507817 -0.140644 1270899942
"1045" 51.509336 -0.135542 1270891602
"1046" 51.509336 -0.135542 1270891584
"1047" 51.509336 -0.135542 1270891654
"1048" 51.509116 -0.135505 1262304000
"1049" 51.509066 -0.135414 1270891741
"1050" 51.50893 -0.139317 1271066063
"1051" 51.497136 -0.12712 1273849512
"1052" 51.511216 -0.128381 1194208563
"1053" 51.506532 -0.143358 1274553217
"1054" 51.507159 -0.142178 1246624150
"1055" 51.504568 -0.147038 1275152594
"1056" 51.506458 -0.143551 1275235243
"1057" 51.508608 -0.140129 1275498197
"1058" 51.509163 -0.142017 1276460157
"1059" 51.510044 -0.134721 1230328974
"1060" 51.509804 -0.134861 1277367952
"1061" 51.504238 -0.147387 1275729680
"1062" 51.504238 -0.147387 1275729717
"1063" 51.504238 -0.147387 1275729660
"1064" 51.504238 -0.147387 1275729724
"1065" 51.506375 -0.143503 1275729151
"1066" 51.506375 -0.143503 1275729164
"1067" 51.510762 -0.135607 1275570780
"1068" 51.508428 -0.138552 1277505560
"1069" 51.508608 -0.139914 1278427522
"1070" 51.509964 -0.134443 1278099216
"1071" 51.510107 -0.133213 1279488017
"1072" 51.508909 -0.139346 1279469701
"1073" 51.508909 -0.139346 1279475928
"1074" 51.508527 -0.138503 1279292623
"1075" 51.508527 -0.138503 1279295249
"1076" 51.510083 -0.134567 1279295411
"1077" 51.507755 -0.140687 1279295219
"1078" 51.508527 -0.138503 1279295234
"1079" 51.507088 -0.142167 1279295189
"1080" 51.507002 -0.142317 1279295139
"1081" 51.510083 -0.134567 1279295413
"1082" 51.505766 -0.144664 1279292893
"1083" 51.507002 -0.142317 1279295146
"1084" 51.505766 -0.144664 1279295094
"1085" 51.506975 -0.14242 1279295130
"1086" 51.503769 -0.149039 1279292950
"1087" 51.506925 -0.142478 1279292790
"1088" 51.508527 -0.138503 1279292697
"1089" 51.509863 -0.134542 1279292496
"1090" 51.506988 -0.142362 1279292771
"1091" 51.508527 -0.138503 1279292615
"1092" 51.508694 -0.137925 1279292607
"1093" 51.509127 -0.134248 1279288742
"1094" 51.503916 -0.148692 1279280558
"1095" 51.504219 -0.148095 1279280568
"1096" 51.503769 -0.149039 1279280598
"1097" 51.507033 -0.142084 1279280419
"1098" 51.506975 -0.142409 1279280424
"1099" 51.507794 -0.140478 1279280341
"1100" 51.510421 -0.135118 1279900981
"1101" 51.510421 -0.135118 1279900562
"1102" 51.510421 -0.135118 1279900922
"1103" 51.510421 -0.135118 1279900698
"1104" 51.510421 -0.135118 1279900477
"1105" 51.510421 -0.135118 1279900482
"1106" 51.510421 -0.135118 1279900523
"1107" 51.510421 -0.135118 1279900875
"1108" 51.510421 -0.135118 1279899207
"1109" 51.510421 -0.135118 1279900890
"1110" 51.510421 -0.135118 1279900651
"1111" 51.510421 -0.135118 1279900835
"1112" 51.510421 -0.135118 1279900434
"1113" 51.510421 -0.135118 1279900963
"1114" 51.510421 -0.135118 1279899247
"1115" 51.510421 -0.135118 1279900577
"1116" 51.510421 -0.135118 1279900496
"1117" 51.510421 -0.135118 1279900388
"1118" 51.510421 -0.135118 1279900444
"1119" 51.510421 -0.135118 1279900610
"1120" 51.510421 -0.135118 1279900380
"1121" 51.510421 -0.135118 1279900759
"1122" 51.510421 -0.135118 1279900802
"1123" 51.510421 -0.135118 1279900955
"1124" 51.510421 -0.135118 1279900393
"1125" 51.510421 -0.135118 1279900720
"1126" 51.510421 -0.135118 1279900720
"1127" 51.510421 -0.135118 1279901118
"1128" 51.510421 -0.135118 1279901085
"1129" 51.510421 -0.135118 1279901307
"1130" 51.510421 -0.135118 1279901356
"1131" 51.510421 -0.135118 1279901100
"1132" 51.510421 -0.135118 1279901374
"1133" 51.510421 -0.135118 1279901186
"1134" 51.510421 -0.135118 1279901030
"1135" 51.510421 -0.135118 1279901365
"1136" 51.510421 -0.135118 1279901018
"1137" 51.510421 -0.135118 1279901205
"1138" 51.510421 -0.135118 1279901168
"1139" 51.510421 -0.135118 1279901123
"1140" 51.510421 -0.135118 1279901044
"1141" 51.510421 -0.135118 1279901223
"1142" 51.510421 -0.135118 1279901233
"1143" 51.510421 -0.135118 1279901196
"1144" 51.510421 -0.135118 1279901273
"1145" 51.506772 -0.142629 1273234898
"1146" 51.508812 -0.139238 1281181923
"1147" 51.508812 -0.139238 1281182167
"1148" 51.508812 -0.139238 1281181968
"1149" 51.508812 -0.139238 1281182445
"1150" 51.508709 -0.137887 1277505195
"1151" 51.510044 -0.134721 1233588246
"1152" 51.510044 -0.134721 1233588279
"1153" 51.510248 -0.134679 1274804748
"1154" 51.510091 -0.134357 1272252529
"1155" 51.509042 -0.138611 1283009550
"1156" 51.50933 -0.135859 1281733452
"1157" 51.510057 -0.134738 1284318803
"1158" 51.510064 -0.134325 1281726418
"1159" 51.509333 -0.137167 1284557377
"1160" 51.504982 -0.146641 1284817772
"1161" 51.504982 -0.146641 1284817689
"1162" 51.508842 -0.139378 1279273832
"1163" 51.512127 -0.115646 1278475019
"1164" 51.512127 -0.115646 1278474051
"1165" 51.512127 -0.115646 1278474757
"1166" 51.512127 -0.115646 1278475093
"1167" 51.512127 -0.115646 1278474152
"1168" 51.512127 -0.115646 1278474976
"1169" 51.512127 -0.115646 1278474177
"1170" 51.512127 -0.115646 1278474491
"1171" 51.512127 -0.115646 1278475203
"1172" 51.512127 -0.115646 1278474374
"1173" 51.512127 -0.115646 1278474116
"1174" 51.508317 -0.139455 1284903855
"1175" 51.510037 -0.13485 1285430348
"1176" 51.510037 -0.13485 1285430592
"1177" 51.510273 -0.132699 1285532322
"1178" 51.509149 -0.135971 1285851023
"1179" 51.509938 -0.135225 1277419208
"1180" 51.509938 -0.135225 1277419259
"1181" 51.50974 -0.134528 1285366550
"1182" 51.509921 -0.134426 1286214617
"1183" 51.510024 -0.134367 1286310776
"1184" 51.509961 -0.1344 1261594791
"1185" 51.508779 -0.137296 1288021743
"1186" 51.509697 -0.134904 1288200394
"1187" 51.509523 -0.140907 1287311819
"1188" 51.509952 -0.134659 1277843526
"1189" 51.509952 -0.134659 1277843362
"1190" 51.510124 -0.134614 1246123837
"1191" 51.503914 -0.147902 1274530984
"1192" 51.507671 -0.139099 1237386592
"1193" 51.51 -0.1345 1289776834
"1194" 51.507921 -0.140408 1290260976
"1195" 51.50966 -0.1347 1288613215
"1196" 51.509223 -0.136985 1291157717
"1197" 51.509193 -0.136964 1291157707
"1198" 51.509249 -0.137017 1291157699
"1199" 51.509166 -0.136953 1291157690
"1200" 51.509984 -0.134614 1290621361
"1201" 51.510188 -0.133413 1290621521
"1202" 51.513249 -0.138952 1292513271
"1203" 51.507457 -0.141234 1261499366
"1204" 51.509537 -0.134754 1293369258
"1205" 51.508298 -0.136438 1172922402
"1206" 51.503887 -0.148256 1183822399
"1207" 51.510141 -0.134432 1185909500
"1208" 51.510141 -0.134432 1185909428
"1209" 51.510234 -0.098549 1189338573
"1210" 51.510234 -0.098549 1189341472
"1211" 51.510234 -0.098549 1189338455
"1212" 51.510234 -0.098549 1189338271
"1213" 51.510234 -0.098549 1189338395
"1214" 51.510234 -0.098549 1189338147
"1215" 51.510234 -0.098549 1189338103
"1216" 51.510234 -0.098549 1189338208
"1217" 51.510234 -0.098549 1189338088
"1218" 51.510234 -0.098549 1189338158
"1219" 51.510234 -0.098549 1189338260
"1220" 51.510234 -0.098549 1189338356
"1221" 51.510234 -0.098549 1189338552
"1222" 51.510201 -0.134786 1195311215
"1223" 51.511386 -0.133198 1202646672
"1224" 51.511386 -0.133198 1202646902
"1225" 51.510004 -0.135891 1197374982
"1226" 51.510064 -0.134958 1203776074
"1227" 51.510288 -0.134582 1201639215
"1228" 51.510288 -0.134582 1201639325
"1229" 51.510288 -0.134582 1201639269
"1230" 51.510164 -0.134582 1211735376
"1231" 51.510164 -0.134582 1211735314
"1232" 51.510164 -0.134582 1211733837
"1233" 51.510164 -0.134582 1211732876
"1234" 51.50983 -0.134904 1212188699
"1235" 51.510214 -0.134614 1213369704
"1236" 51.510214 -0.134614 1213369697
"1237" 51.510214 -0.134614 1213369699
"1238" 51.510214 -0.134614 1213369737
"1239" 51.510214 -0.134614 1213369728
"1240" 51.510214 -0.134614 1213369719
"1241" 51.510214 -0.134614 1213369703
"1242" 51.510214 -0.134614 1213369692
"1243" 51.510214 -0.134614 1213369688
"1244" 51.510214 -0.134614 1213369581
"1245" 51.510214 -0.134614 1213369686
"1246" 51.510214 -0.134614 1213369681
"1247" 51.508835 -0.13794 1213390377
"1248" 51.507922 -0.140002 1219865254
"1249" 51.500035 -0.311302 1220960886
"1250" 51.499786 -0.312965 1220960947
"1251" 51.503428 -0.280929 1220960116
"1252" 51.504182 -0.282281 1220960106
"1253" 51.504182 -0.282281 1220960108
"1254" 51.503428 -0.280929 1220960116
"1255" 51.503428 -0.280929 1220960117
"1256" 51.504182 -0.282281 1220960108
"1257" 51.504182 -0.282281 1220960105
"1258" 51.504182 -0.282281 1220960079
"1259" 51.503428 -0.280929 1220960118
"1260" 51.504182 -0.282281 1220960122
"1261" 51.508381 -0.138391 1226856388
"1262" 51.511106 -0.133928 1228942233
"1263" 51.508791 -0.139695 1230553283
"1264" 51.510966 -0.129046 1233953187
"1265" 51.509997 -0.134743 1218412104
"1266" 51.511022 -0.134003 1236363047
"1267" 51.510151 -0.133295 1236364371
"1268" 51.509938 -0.140034 1236398711
"1269" 51.5071 -0.142039 1236400088
"1270" 51.509917 -0.134561 1236894133
"1271" 51.510331 -0.13058 1236893409
"1272" 51.509917 -0.134561 1236894141
"1273" 51.510331 -0.13058 1236893396
"1274" 51.509917 -0.134561 1236893895
"1275" 51.509784 -0.134893 1238605226
"1276" 51.508702 -0.138047 1239462057
"1277" 51.509872 -0.134861 1244633232
"1278" 51.509872 -0.134861 1244632988
"1279" 51.509872 -0.134861 1244632874
"1280" 51.509872 -0.134861 1244632817
"1281" 51.509872 -0.134861 1244633177
"1282" 51.509872 -0.134861 1244632953
"1283" 51.509872 -0.134861 1244633075
"1284" 51.509872 -0.134861 1244632923
"1285" 51.509872 -0.134861 1244633210
"1286" 51.509872 -0.134861 1244632846
"1287" 51.509872 -0.134861 1244633044
"1288" 51.509872 -0.134861 1244633146
"1289" 51.509872 -0.134861 1244633016
"1290" 51.509872 -0.134861 1244633107
"1291" 51.509872 -0.134861 1244632761
"1292" 51.509872 -0.134861 1244632508
"1293" 51.509872 -0.134861 1244632479
"1294" 51.509872 -0.134861 1244632670
"1295" 51.509872 -0.134861 1244632237
"1296" 51.509872 -0.134861 1244632267
"1297" 51.509872 -0.134861 1244632447
"1298" 51.509872 -0.134861 1244632360
"1299" 51.509872 -0.134861 1244632604
"1300" 51.509872 -0.134861 1244632700
"1301" 51.509872 -0.134861 1244632205
"1302" 51.509872 -0.134861 1244632296
"1303" 51.509872 -0.134861 1244632731
"1304" 51.509872 -0.134861 1244632329
"1305" 51.509872 -0.134861 1244632389
"1306" 51.509872 -0.134861 1244632638
"1307" 51.509872 -0.134861 1244632538
"1308" 51.509872 -0.134861 1244632571
"1309" 51.509872 -0.134861 1244632419
"1310" 51.509872 -0.134861 1244632789
"1311" 51.509872 -0.134861 1244632173
"1312" 51.509872 -0.134861 1244631782
"1313" 51.509872 -0.134861 1244632027
"1314" 51.509872 -0.134861 1244631969
"1315" 51.509872 -0.134861 1244632058
"1316" 51.509872 -0.134861 1244631848
"1317" 51.509872 -0.134861 1244631748
"1318" 51.509872 -0.134861 1244632119
"1319" 51.509872 -0.134861 1244631616
"1320" 51.509872 -0.134861 1244631816
"1321" 51.509872 -0.134861 1244632147
"1322" 51.509872 -0.134861 1244631715
"1323" 51.509872 -0.134861 1244631942
"1324" 51.509872 -0.134861 1244631681
"1325" 51.509872 -0.134861 1244631911
"1326" 51.509872 -0.134861 1244632000
"1327" 51.509872 -0.134861 1244631879
"1328" 51.509872 -0.134861 1244632089
"1329" 51.509872 -0.134861 1244631647
"1330" 51.509872 -0.134861 1244631070
"1331" 51.509872 -0.134861 1244631458
"1332" 51.509872 -0.134861 1244631289
"1333" 51.509872 -0.134861 1244631428
"1334" 51.509872 -0.134861 1244631369
"1335" 51.509872 -0.134861 1244631032
"1336" 51.509872 -0.134861 1244631195
"1337" 51.509872 -0.134861 1244631519
"1338" 51.509872 -0.134861 1244631227
"1339" 51.509872 -0.134861 1244631257
"1340" 51.509872 -0.134861 1244631589
"1341" 51.509872 -0.134861 1244631166
"1342" 51.509872 -0.134861 1244631339
"1343" 51.509872 -0.134861 1244631103
"1344" 51.509872 -0.134861 1244631398
"1345" 51.509872 -0.134861 1244631136
"1346" 51.509872 -0.134861 1244631553
"1347" 51.509872 -0.134861 1244631310
"1348" 51.509872 -0.134861 1244631487
"1349" 51.509872 -0.134861 1244630475
"1350" 51.509872 -0.134861 1244630515
"1351" 51.509872 -0.134861 1244630692
"1352" 51.509872 -0.134861 1244630971
"1353" 51.509872 -0.134861 1244630550
"1354" 51.509872 -0.134861 1244630992
"1355" 51.509872 -0.134861 1244630897
"1356" 51.509872 -0.134861 1244630777
"1357" 51.509872 -0.134861 1244630436
"1358" 51.509872 -0.134861 1244630935
"1359" 51.509872 -0.134861 1244630645
"1360" 51.509872 -0.134861 1244630866
"1361" 51.509872 -0.134861 1244630816
"1362" 51.509872 -0.134861 1244630741
"1363" 51.509872 -0.134861 1244630596
"1364" 51.509872 -0.134861 1244630399
"1365" 51.509872 -0.134861 1244630329
"1366" 51.509872 -0.134861 1244630265
"1367" 51.509872 -0.134861 1244630291
"1368" 51.509872 -0.134861 1244630368
"1369" 51.510094 -0.135389 1243509088
"1370" 51.509923 -0.134101 1245018300
"1371" 51.510057 -0.134711 1245595538
"1372" 51.509991 -0.134764 1245595465
"1373" 51.510031 -0.13397 1248009870
"1374" 51.510341 -0.133976 1252044656
"1375" 51.510134 -0.134625 1247919444
"1376" 51.50976 -0.134679 1253339813
"1377" 51.510067 -0.134555 1241080840
"1378" 51.508754 -0.139328 1255356305
"1379" 51.508754 -0.139328 1255356321
"1380" 51.508754 -0.139328 1255356280
"1381" 51.508754 -0.139328 1255356228
"1382" 51.508754 -0.139328 1255356196
"1383" 51.508754 -0.139328 1255356259
"1384" 51.508754 -0.139328 1255356160
"1385" 51.508754 -0.139328 1255356179
"1386" 51.510097 -0.134485 1257963683
"1387" 51.510037 -0.134904 1249860608
"1388" 51.508224 -0.139464 1258655971
"1389" 51.564786 -0.106333 1260016009
"1390" 51.503734 -0.149055 1260951313
"1391" 51.509553 -0.135365 1260714885
"1392" 51.509383 -0.135676 1260714919
"1393" 51.509553 -0.135365 1260716411
"1394" 51.508428 -0.13867 1262456115
"1395" 51.509957 -0.134636 1168198763
"1396" 51.508315 -0.139367 1266756741
"1397" 51.50981 -0.134818 1264326266
"1398" 51.510084 -0.133391 1267557090
"1399" 51.510084 -0.133391 1269114876
"1400" 51.510084 -0.133391 1265484558
"1401" 51.510084 -0.133391 1265484632
"1402" 51.509555 -0.13485 1270484053
"1403" 51.510034 -0.133466 1263660858
"1404" 51.509998 -0.134499 1275237814
"1405" 51.506244 -0.144023 1275235218
"1406" 51.510241 -0.132308 1275145324
"1407" 51.509924 -0.13455 1276814326
"1408" 51.508665 -0.139179 1256646775
"1409" 51.508395 -0.138573 1279386320
"1410" 51.508428 -0.13904 1279386261
"1411" 51.508395 -0.138573 1279386396
"1412" 51.508775 -0.13777 1279295293
"1413" 51.509863 -0.134542 1279289127
"1414" 51.509863 -0.134542 1279289179
"1415" 51.509863 -0.134542 1279289216
"1416" 51.509863 -0.134542 1279289045
"1417" 51.509603 -0.134636 1223157653
"1418" 51.506625 -0.14339 1269686013
"1419" 51.509952 -0.134659 1277843453
"1420" 51.507687 -0.127898 1172325682
"1421" 51.510108 -0.134335 1291458702
"1422" 51.509897 -0.135199 1291161600
"1423" 51.509897 -0.135199 1291161600
"1424" 51.506211 -0.126997 1167670525
"1425" 51.508208 -0.110528 1169426228
"1426" 51.508685 -0.137232 1171122195
"1427" 51.508669 -0.136642 1171121613
"1428" 51.508669 -0.136642 1171114179
"1429" 51.508298 -0.136438 1172922899
"1430" 51.509209 -0.136116 1174942628
"1431" 51.508853 -0.139437 1177264998
"1432" 51.507079 -0.141963 1177862842
"1433" 51.507079 -0.141963 1177862893
"1434" 51.507079 -0.141963 1177863944
"1435" 51.507079 -0.141963 1177863949
"1436" 51.507079 -0.141963 1177863892
"1437" 51.507079 -0.141963 1177863882
"1438" 51.507079 -0.141963 1177864179
"1439" 51.507079 -0.141963 1177864190
"1440" 51.507079 -0.141963 1177864125
"1441" 51.507079 -0.141963 1177863095
"1442" 51.507079 -0.141963 1177862875
"1443" 51.507079 -0.141963 1177863751
"1444" 51.507079 -0.141963 1177862702
"1445" 51.507079 -0.141963 1177863171
"1446" 51.507079 -0.141963 1177863287
"1447" 51.507079 -0.141963 1177862706
"1448" 51.507079 -0.141963 1177863830
"1449" 51.507079 -0.141963 1177863390
"1450" 51.507079 -0.141963 1177862805
"1451" 51.507079 -0.141963 1177862913
"1452" 51.507079 -0.141963 1177863115
"1453" 51.507079 -0.141963 1177863537
"1454" 51.507079 -0.141963 1177863692
"1455" 51.507079 -0.141963 1177863740
"1456" 51.507079 -0.141963 1177862644
"1457" 51.507079 -0.141963 1177862796
"1458" 51.507079 -0.141963 1177863493
"1459" 51.507079 -0.141963 1177863108
"1460" 51.507079 -0.141963 1177863567
"1461" 51.507079 -0.141963 1177863766
"1462" 51.507079 -0.141963 1177862637
"1463" 51.507079 -0.141963 1177862814
"1464" 51.507079 -0.141963 1177862661
"1465" 51.507079 -0.141963 1177862823
"1466" 51.507079 -0.141963 1177863587
"1467" 51.511126 -0.131374 1178124770
"1468" 51.510198 -0.134528 1178834853
"1469" 51.510154 -0.134437 1184533673
"1470" 51.509076 -0.135864 1184983662
"1471" 51.511246 -0.128424 1185916374
"1472" 51.51636 -0.130409 1187998496
"1473" 51.51636 -0.130409 1187998496
"1474" 51.51636 -0.130409 1187998690
"1475" 51.51636 -0.130409 1187998496
"1476" 51.51636 -0.130409 1187998497
"1477" 51.51636 -0.130409 1187998496
"1478" 51.51636 -0.130409 1187998690
"1479" 51.51636 -0.130409 1187998690
"1480" 51.51636 -0.130409 1187998690
"1481" 51.51636 -0.130409 1187998690
"1482" 51.51636 -0.130409 1187998496
"1483" 51.51636 -0.130409 1187998690
"1484" 51.51636 -0.130409 1187998129
"1485" 51.51636 -0.130409 1187998129
"1486" 51.51636 -0.130409 1187998129
"1487" 51.51636 -0.130409 1187997867
"1488" 51.51636 -0.130409 1187997867
"1489" 51.51636 -0.130409 1187998129
"1490" 51.51636 -0.130409 1187998129
"1491" 51.51636 -0.130409 1187997866
"1492" 51.51636 -0.130409 1187997867
"1493" 51.51636 -0.130409 1187998129
"1494" 51.51636 -0.130409 1187997867
"1495" 51.51636 -0.130409 1187997866
"1496" 51.51636 -0.130409 1187997314
"1497" 51.51636 -0.130409 1187997314
"1498" 51.51636 -0.130409 1187997314
"1499" 51.51636 -0.130409 1187997314
"1500" 51.51636 -0.130409 1187997314
"1501" 51.51636 -0.130409 1187997314
"1502" 51.51636 -0.130409 1187996506
"1503" 51.51636 -0.130409 1187996893
"1504" 51.51636 -0.130409 1187996981
"1505" 51.51636 -0.130409 1187996893
"1506" 51.51636 -0.130409 1187996506
"1507" 51.51636 -0.130409 1187996981
"1508" 51.51636 -0.130409 1187996506
"1509" 51.51636 -0.130409 1187996981
"1510" 51.51636 -0.130409 1187996506
"1511" 51.51636 -0.130409 1187996981
"1512" 51.51636 -0.130409 1187996893
"1513" 51.51636 -0.130409 1187996893
"1514" 51.51636 -0.130409 1187996981
"1515" 51.51636 -0.130409 1187996893
"1516" 51.51636 -0.130409 1187996506
"1517" 51.51636 -0.130409 1187996893
"1518" 51.51636 -0.130409 1187996981
"1519" 51.51636 -0.130409 1187996506
"1520" 51.51636 -0.130409 1187996292
"1521" 51.51636 -0.130409 1187995917
"1522" 51.51636 -0.130409 1187995917
"1523" 51.51636 -0.130409 1187996292
"1524" 51.51636 -0.130409 1187995917
"1525" 51.51636 -0.130409 1187995917
"1526" 51.51636 -0.130409 1187995917
"1527" 51.51636 -0.130409 1187996292
"1528" 51.51636 -0.130409 1187996292
"1529" 51.51636 -0.130409 1187995917
"1530" 51.51636 -0.130409 1187996292
"1531" 51.51636 -0.130409 1187996292
"1532" 51.51636 -0.130409 1187995670
"1533" 51.51636 -0.130409 1187995799
"1534" 51.51636 -0.130409 1187995799
"1535" 51.51636 -0.130409 1187995671
"1536" 51.51636 -0.130409 1187995520
"1537" 51.51636 -0.130409 1187995520
"1538" 51.51636 -0.130409 1187995799
"1539" 51.51636 -0.130409 1187995799
"1540" 51.51636 -0.130409 1187995799
"1541" 51.51636 -0.130409 1187995670
"1542" 51.51636 -0.130409 1187995520
"1543" 51.51636 -0.130409 1187995520
"1544" 51.51636 -0.130409 1187995670
"1545" 51.51636 -0.130409 1187995520
"1546" 51.51636 -0.130409 1187995799
"1547" 51.51636 -0.130409 1187995671
"1548" 51.51636 -0.130409 1187995670
"1549" 51.51636 -0.130409 1187995520
"1550" 51.51636 -0.130409 1187994888
"1551" 51.51636 -0.130409 1187994889
"1552" 51.51636 -0.130409 1187994889
"1553" 51.51636 -0.130409 1187995083
"1554" 51.51636 -0.130409 1187995083
"1555" 51.51636 -0.130409 1187994889
"1556" 51.51636 -0.130409 1187995082
"1557" 51.51636 -0.130409 1187994804
"1558" 51.51636 -0.130409 1187994686
"1559" 51.51636 -0.130409 1187994686
"1560" 51.51636 -0.130409 1187995083
"1561" 51.51636 -0.130409 1187994686
"1562" 51.51636 -0.130409 1187995083
"1563" 51.51636 -0.130409 1187994804
"1564" 51.51636 -0.130409 1187994889
"1565" 51.51636 -0.130409 1187994686
"1566" 51.51636 -0.130409 1187994686
"1567" 51.51636 -0.130409 1187994804
"1568" 51.51636 -0.130409 1187994804
"1569" 51.51636 -0.130409 1187994804
"1570" 51.51636 -0.130409 1187994686
"1571" 51.51636 -0.130409 1187994889
"1572" 51.51636 -0.130409 1187994804
"1573" 51.51636 -0.130409 1187995082
"1574" 51.51636 -0.130409 1187994307
"1575" 51.51636 -0.130409 1187994307
"1576" 51.51636 -0.130409 1187994553
"1577" 51.51636 -0.130409 1187994307
"1578" 51.51636 -0.130409 1187994553
"1579" 51.51636 -0.130409 1187994308
"1580" 51.51636 -0.130409 1187994553
"1581" 51.51636 -0.130409 1187994307
"1582" 51.51636 -0.130409 1187994554
"1583" 51.51636 -0.130409 1187994308
"1584" 51.51636 -0.130409 1187994553
"1585" 51.51636 -0.130409 1187994553
"1586" 51.51636 -0.130409 1187960443
"1587" 51.51636 -0.130409 1188052088
"1588" 51.51636 -0.130409 1188000509
"1589" 51.51636 -0.130409 1188000281
"1590" 51.51636 -0.130409 1188000281
"1591" 51.51636 -0.130409 1188000281
"1592" 51.51636 -0.130409 1188000281
"1593" 51.51636 -0.130409 1188000034
"1594" 51.51636 -0.130409 1188000034
"1595" 51.51636 -0.130409 1188000281
"1596" 51.51636 -0.130409 1188000034
"1597" 51.51636 -0.130409 1188000034
"1598" 51.51636 -0.130409 1188000509
"1599" 51.51636 -0.130409 1188000034
"1600" 51.51636 -0.130409 1188000034
"1601" 51.51636 -0.130409 1188000281
"1602" 51.51636 -0.130409 1187999776
"1603" 51.51636 -0.130409 1187999777
"1604" 51.51636 -0.130409 1187999776
"1605" 51.51636 -0.130409 1187999776
"1606" 51.51636 -0.130409 1187999777
"1607" 51.51636 -0.130409 1187999776
"1608" 51.51636 -0.130409 1187999032
"1609" 51.51636 -0.130409 1187999032
"1610" 51.51636 -0.130409 1187999032
"1611" 51.51636 -0.130409 1187999032
"1612" 51.51636 -0.130409 1187999032
"1613" 51.51636 -0.130409 1187999032
"1614" 51.510264 -0.134968 1184260696
"1615" 51.510264 -0.134968 1184261003
"1616" 51.499466 -0.314869 1193292991
"1617" 51.508891 -0.139435 1193128392
"1618" 51.508719 -0.139349 1193129461
"1619" 51.508859 -0.13948 1193128320
"1620" 51.508684 -0.139349 1193128564
"1621" 51.508679 -0.139341 1193128628
"1622" 51.510044 -0.134936 1195310981
"1623" 51.494363 -0.174161 1193570583
"1624" 51.513055 -0.124132 1195990731
"1625" 51.510064 -0.13455 1204851026
"1626" 51.508069 -0.128102 1202304205
"1627" 51.509872 -0.135977 1202305398
"1628" 51.508069 -0.128102 1202303921
"1629" 51.512162 -0.138348 1202317547
"1630" 51.510152 -0.134829 1202305297
"1631" 51.511634 -0.139399 1202320641
"1632" 51.508069 -0.128102 1202303718
"1633" 51.508069 -0.128102 1202303735
"1634" 51.508069 -0.128102 1202303834
"1635" 51.508069 -0.128102 1202303856
"1636" 51.54097 -0.144109 1202296373
"1637" 51.54097 -0.144109 1202296330
"1638" 51.54097 -0.144109 1202296871
"1639" 51.510004 -0.135891 1197294903
"1640" 51.510004 -0.135891 1197374327
"1641" 51.510004 -0.135891 1197374437
"1642" 51.507974 -0.140461 1208015251
"1643" 51.508439 -0.138968 1208422760
"1644" 51.508704 -0.139309 1208422795
"1645" 51.510164 -0.134582 1211733885
"1646" 51.510164 -0.134582 1211733276
"1647" 51.510164 -0.134582 1211733149
"1648" 51.510164 -0.134582 1211733421
"1649" 51.510164 -0.134582 1211732989
"1650" 51.510201 -0.134357 1212446426
"1651" 51.500949 -0.122802 1197207161
"1652" 51.500949 -0.122802 1197207123
"1653" 51.509947 -0.134464 1213391278
"1654" 51.509947 -0.134464 1213390323
"1655" 51.50938 -0.135746 1216746574
"1656" 51.510051 -0.134958 1220302385
"1657" 51.498886 -0.316269 1220961450
"1658" 51.498886 -0.316269 1220961431
"1659" 51.498886 -0.316269 1220961440
"1660" 51.498886 -0.316269 1220961434
"1661" 51.498886 -0.316269 1220961439
"1662" 51.498886 -0.316269 1220961438
"1663" 51.498886 -0.316269 1220961450
"1664" 51.500048 -0.310969 1220961258
"1665" 51.500048 -0.310969 1220961231
"1666" 51.499768 -0.312064 1220961268
"1667" 51.500048 -0.310969 1220961257
"1668" 51.500048 -0.310969 1220961261
"1669" 51.499434 -0.313491 1220961284
"1670" 51.499434 -0.313491 1220961289
"1671" 51.498886 -0.316269 1220961425
"1672" 51.499434 -0.313491 1220961312
"1673" 51.499768 -0.312064 1220961271
"1674" 51.499768 -0.312064 1220961272
"1675" 51.500048 -0.310969 1220961213
"1676" 51.505077 -0.28375 1220960445
"1677" 51.504182 -0.282281 1220960457
"1678" 51.504182 -0.282281 1220960457
"1679" 51.504182 -0.282281 1220960459
"1680" 51.504182 -0.282281 1220960463
"1681" 51.504182 -0.282281 1220960451
"1682" 51.504182 -0.282281 1220960464
"1683" 51.504182 -0.282281 1220960456
"1684" 51.504182 -0.282281 1220960456
"1685" 51.504182 -0.282281 1220960456
"1686" 51.505077 -0.28375 1220960404
"1687" 51.505077 -0.28375 1220960405
"1688" 51.505077 -0.28375 1220960443
"1689" 51.505077 -0.28375 1220960413
"1690" 51.505077 -0.28375 1220960414
"1691" 51.505077 -0.28375 1220960424
"1692" 51.510254 -0.134947 1221779163
"1693" 51.509807 -0.134861 1221779526
"1694" 51.508058 -0.140064 1221403989
"1695" 51.510174 -0.134319 1231000114
"1696" 51.508909 -0.135848 1235754494
"1697" 51.508909 -0.135848 1235755909
"1698" 51.616344 -0.133477 1235927644
"1699" 51.510151 -0.133295 1236363955
"1700" 51.507767 -0.140783 1221589815
"1701" 51.509276 -0.136138 1221605557
"1702" 51.509109 -0.13636 1236435986
"1703" 51.509917 -0.134561 1236893869
"1704" 51.509917 -0.134561 1236894152
"1705" 51.509917 -0.134561 1236894163
"1706" 51.509917 -0.134561 1236893918
"1707" 51.509917 -0.134561 1236893884
"1708" 51.510031 -0.134646 1235694160
"1709" 51.508602 -0.13823 1229511956
"1710" 51.503293 -0.151909 1245765874
"1711" 51.510077 -0.134496 1249920503
"1712" 51.510077 -0.134496 1249920512
"1713" 51.509797 -0.134861 1223157419
"1714" 51.508241 -0.131492 1254578074
"1715" 51.510164 -0.134571 1255125980
"1716" 51.510164 -0.134571 1255218639
"1717" 51.507022 -0.141776 1254405199
"1718" 51.509927 -0.134518 1259873160
"1719" 51.508699 -0.138283 1262105264
"1720" 51.508699 -0.138283 1262105254
"1721" 51.511266 -0.128381 1262291517
"1722" 51.509603 -0.134636 1266769594
"1723" 51.510051 -0.134582 1267381064
"1724" 51.510084 -0.133391 1269120540
"1725" 51.510084 -0.133391 1267562021
"1726" 51.510084 -0.133391 1264281640
"1727" 51.510084 -0.133391 1269204793
"1728" 51.510084 -0.133391 1269114698
"1729" 51.509811 -0.134829 1270389574
"1730" 51.510411 -0.13411 1243964445
"1731" 51.509944 -0.134437 1277219228
"1732" 51.509794 -0.134711 1262282746
"1733" 51.509163 -0.136771 1266756216
"1734" 51.508782 -0.139399 1277024329
"1735" 51.510148 -0.134625 1282729711
"1736" 51.509463 -0.137704 1242150487
"1737" 51.508007 -0.139904 1281983001
"1738" 51.509757 -0.134582 1281988536
"1739" 51.509283 -0.136148 1281983504
"1740" 51.509934 -0.135676 1281983150
"1741" 51.511239 -0.139088 1281979915
"1742" 51.510051 -0.134346 1281988583
"1743" 51.509012 -0.13676 1217416867
"1744" 51.509938 -0.135225 1277419305
"1745" 51.509917 -0.134518 1285183388
"1746" 51.510081 -0.134539 1283176608
"1747" 51.508562 -0.139335 1287119145
"1748" 51.50987 -0.134453 1289061979
"1749" 51.509226 -0.136996 1291157726
"1750" 51.509994 -0.134491 1292786449
"1751" 51.509012 -0.13676 1217417105
"1752" 51.509209 -0.136116 1174942628
"1753" 51.510779 -0.135054 1176988208
"1754" 51.507079 -0.141963 1177864088
"1755" 51.507079 -0.141963 1177864023
"1756" 51.507079 -0.141963 1177864115
"1757" 51.507079 -0.141963 1177863857
"1758" 51.507079 -0.141963 1177863234
"1759" 51.507079 -0.141963 1177862481
"1760" 51.507079 -0.141963 1177863246
"1761" 51.507079 -0.141963 1177862854
"1762" 51.507079 -0.141963 1177863844
"1763" 51.507079 -0.141963 1177862832
"1764" 51.507079 -0.141963 1177862867
"1765" 51.507079 -0.141963 1177862830
"1766" 51.507079 -0.141963 1177862482
"1767" 51.507079 -0.141963 1177863849
"1768" 51.507079 -0.141963 1177863468
"1769" 51.507079 -0.141963 1177862860
"1770" 51.507079 -0.141963 1177863814
"1771" 51.510278 -0.133746 1178450164
"1772" 51.513049 -0.124105 1180022124
"1773" 51.512235 -0.116038 1181915237
"1774" 51.511246 -0.128424 1184538649
"1775" 51.500748 -0.124481 1187874409
"1776" 51.500748 -0.124481 1187874416
"1777" 51.510164 -0.134582 1187867629
"1778" 51.510164 -0.134582 1187867647
"1779" 51.510164 -0.134582 1187867637
"1780" 51.510164 -0.134582 1187867577
"1781" 51.51636 -0.130409 1187798032
"1782" 51.51636 -0.130409 1187798157
"1783" 51.510164 -0.134582 1188581984
"1784" 51.510164 -0.134582 1188581984
"1785" 51.510164 -0.134582 1188581984
"1786" 51.500748 -0.124481 1188579867
"1787" 51.500254 -0.126433 1188579866
"1788" 51.500748 -0.124481 1188579866
"1789" 51.500254 -0.126433 1188579867
"1790" 51.500748 -0.124481 1188579867
"1791" 51.500748 -0.124481 1188579867
"1792" 51.500254 -0.126433 1188579448
"1793" 51.500254 -0.126433 1188579448
"1794" 51.489854 -0.195795 1188572772
"1795" 51.489854 -0.195795 1188572772
"1796" 51.489854 -0.195795 1188572772
"1797" 51.509941 -0.134357 1187825583
"1798" 51.509941 -0.134357 1187995964
"1799" 51.509143 -0.136476 1176402045
"1800" 51.509977 -0.13455 1189951101
"1801" 51.509977 -0.13455 1189951106
"1802" 51.509977 -0.13455 1189951114
"1803" 51.510051 -0.134539 1180017211
"1804" 51.510031 -0.134614 1195310461
"1805" 51.509643 -0.134882 1195932399
"1806" 51.510268 -0.134378 1195759908
"1807" 51.508692 -0.138058 1222115496
"1808" 51.512248 -0.13131 1223841414
"1809" 51.510164 -0.134582 1223841395
"1810" 51.510164 -0.134582 1223841388
"1811" 51.512248 -0.13131 1223841419
"1812" 51.512248 -0.13131 1223841437
"1813" 51.510164 -0.134582 1223841443
"1814" 51.512248 -0.13131 1223841428
"1815" 51.512248 -0.13131 1223841406
"1816" 51.500748 -0.124481 1223852402
"1817" 51.510164 -0.134582 1223852672
"1818" 51.510164 -0.134582 1223852622
"1819" 51.510164 -0.134582 1223852679
"1820" 51.500748 -0.124481 1223852409
"1821" 51.510164 -0.134582 1223852613
"1822" 51.500748 -0.124481 1223852336
"1823" 51.500748 -0.124481 1223852326
"1824" 51.500748 -0.124481 1223852385
"1825" 51.500748 -0.124481 1223852391
"1826" 51.500748 -0.124481 1223852204
"1827" 51.500748 -0.124481 1223852341
"1828" 51.500748 -0.124481 1223852379
"1829" 51.500748 -0.124481 1223852311
"1830" 51.500748 -0.124481 1223852320
"1831" 51.510264 -0.134968 1184261147
"1832" 51.510705 -0.135558 1225224627
"1833" 51.510001 -0.134657 1209485876
"1834" 51.509864 -0.134732 1209485217
"1835" 51.509811 -0.134829 1248019413
"1836" 51.506713 -0.142995 1247389346
"1837" 51.509957 -0.134507 1247762212
"1838" 51.510077 -0.134496 1249920522
"1839" 51.50769 -0.140976 1250777239
"1840" 51.509727 -0.134657 1249587458
"1841" 51.552966 -0.112625 1252864423
"1842" 51.570974 -0.095652 1252864393
"1843" 51.590552 -0.102562 1252864404
"1844" 51.558167 -0.105833 1252864416
"1845" 51.510164 -0.134571 1255217022
"1846" 51.510164 -0.134571 1255125582
"1847" 51.509911 -0.134464 1238273157
"1848" 51.509911 -0.134464 1238273135
"1849" 51.509911 -0.134464 1238273177
"1850" 51.493849 -0.100749 1253123280
"1851" 51.510087 -0.134518 1230463363
"1852" 51.509777 -0.134249 1230462998
"1853" 51.509777 -0.134249 1230462961
"1854" 51.508078 -0.139807 1230458625
"1855" 51.508889 -0.137007 1268326286
"1856" 51.508889 -0.137007 1268326382
"1857" 51.508889 -0.137007 1268339834
"1858" 51.508889 -0.137007 1268326402
"1859" 51.508889 -0.137007 1268325719
"1860" 51.508889 -0.137007 1268325831
"1861" 51.508889 -0.137007 1268339410
"1862" 51.508889 -0.137007 1268340195
"1863" 51.508889 -0.137007 1268325508
"1864" 51.508889 -0.137007 1268325541
"1865" 51.508889 -0.137007 1268339368
"1866" 51.508889 -0.137007 1268326789
"1867" 51.508889 -0.137007 1268326483
"1868" 51.508889 -0.137007 1268339763
"1869" 51.508889 -0.137007 1268340544
"1870" 51.508889 -0.137007 1268338920
"1871" 51.508889 -0.137007 1268326312
"1872" 51.508889 -0.137007 1268325801
"1873" 51.508889 -0.137007 1268339777
"1874" 51.508889 -0.137007 1268339448
"1875" 51.508889 -0.137007 1268340245
"1876" 51.508889 -0.137007 1268339090
"1877" 51.508889 -0.137007 1268326632
"1878" 51.508889 -0.137007 1268326573
"1879" 51.508889 -0.137007 1268339138
"1880" 51.508889 -0.137007 1268325622
"1881" 51.508889 -0.137007 1268340227
"1882" 51.508889 -0.137007 1268339253
"1883" 51.508889 -0.137007 1268339112
"1884" 51.508889 -0.137007 1268340545
"1885" 51.508889 -0.137007 1268326176
"1886" 51.508889 -0.137007 1268339553
"1887" 51.508889 -0.137007 1268326246
"1888" 51.508889 -0.137007 1268340279
"1889" 51.508889 -0.137007 1268325600
"1890" 51.508889 -0.137007 1268339498
"1891" 51.508889 -0.137007 1268326281
"1892" 51.508889 -0.137007 1268339348
"1893" 51.508889 -0.137007 1268339223
"1894" 51.508889 -0.137007 1268326303
"1895" 51.508889 -0.137007 1268340546
"1896" 51.510077 -0.134013 1282080501
"1897" 51.509921 -0.134421 1278872753
"1898" 51.509824 -0.13367 1279405329
"1899" 51.50943 -0.135741 1284203611
"1900" 51.50989 -0.134303 1284106355
"1901" 51.509961 -0.133413 1284106852
"1902" 51.510261 -0.138053 1290974224
"1903" 51.509811 -0.134829 1289127402
"1904" 51.509854 -0.134537 1215948361
"1905" 51.510138 -0.13441 1179189431
"1906" 51.510161 -0.134389 1172500127
"1907" 51.50983 -0.134711 1204902131
"1908" 51.509944 -0.134282 1204902281
"1909" 51.509944 -0.134282 1204902301
"1910" 51.50983 -0.134711 1204902053
"1911" 51.509957 -0.134389 1173535031
"1912" 51.508859 -0.139292 1207738989
"1913" 51.519608 -0.131878 1208618366
"1914" 51.519608 -0.131878 1208619068
"1915" 51.510779 -0.135054 1209560576
"1916" 51.509951 -0.134528 1210711973
"1917" 51.510011 -0.134174 1210712050
"1918" 51.509411 -0.135912 1211040005
"1919" 51.509658 -0.135204 1211040002
"1920" 51.509411 -0.135912 1211040006
"1921" 51.509411 -0.135912 1211040007
"1922" 51.509658 -0.135204 1211040000
"1923" 51.509658 -0.135204 1211040001
"1924" 51.509411 -0.135912 1211040003
"1925" 51.509411 -0.135912 1211040004
"1926" 51.512015 -0.130569 1211042563
"1927" 51.512015 -0.130569 1211042468
"1928" 51.512015 -0.130569 1211045298
"1929" 51.512015 -0.130569 1211042375
"1930" 51.510259 -0.134668 1211041885
"1931" 51.512015 -0.130569 1211042760
"1932" 51.509984 -0.134925 1213283098
"1933" 51.508689 -0.139856 1214725203
"1934" 51.500748 -0.124481 1223852782
"1935" 51.500748 -0.124481 1223852725
"1936" 51.500748 -0.124481 1223852736
"1937" 51.510164 -0.134582 1223852665
"1938" 51.500748 -0.124481 1223852715
"1939" 51.500748 -0.124481 1223852698
"1940" 51.500748 -0.124481 1223852704
"1941" 51.500748 -0.124481 1223852749
"1942" 51.500748 -0.124481 1223852791
"1943" 51.500748 -0.124481 1223852214
"1944" 51.500748 -0.124481 1223852398
"1945" 51.500748 -0.124481 1223852224
"1946" 51.506729 -0.142618 1225238400
"1947" 51.509864 -0.134732 1209485976
"1948" 51.507647 -0.130022 1209486976
"1949" 51.509026 -0.137087 1230809907
"1950" 51.509026 -0.137087 1230809900
"1951" 51.509026 -0.137087 1230809769
"1952" 51.509026 -0.137087 1230809685
"1953" 51.509026 -0.137087 1230809736
"1954" 51.509026 -0.137087 1230809581
"1955" 51.509026 -0.137087 1230809593
"1956" 51.509026 -0.137087 1230809514
"1957" 51.509026 -0.137087 1230809497
"1958" 51.509026 -0.137087 1230809521
"1959" 51.509026 -0.137087 1230809378
"1960" 51.509026 -0.137087 1230809357
"1961" 51.509026 -0.137087 1230809320
"1962" 51.509026 -0.137087 1230812125
"1963" 51.509026 -0.137087 1230812116
"1964" 51.509026 -0.137087 1230813120
"1965" 51.509026 -0.137087 1230812109
"1966" 51.509026 -0.137087 1230813131
"1967" 51.509026 -0.137087 1230812044
"1968" 51.509026 -0.137087 1230811994
"1969" 51.509026 -0.137087 1230812101
"1970" 51.509026 -0.137087 1230812013
"1971" 51.509026 -0.137087 1230812016
"1972" 51.509026 -0.137087 1230811851
"1973" 51.509026 -0.137087 1230811674
"1974" 51.509026 -0.137087 1230810992
"1975" 51.509026 -0.137087 1230810986
"1976" 51.509026 -0.137087 1230811467
"1977" 51.509026 -0.137087 1230811475
"1978" 51.509026 -0.137087 1230811520
"1979" 51.509026 -0.137087 1230811668
"1980" 51.509026 -0.137087 1230811271
"1981" 51.509026 -0.137087 1230811296
"1982" 51.509026 -0.137087 1230811363
"1983" 51.509026 -0.137087 1230811191
"1984" 51.509026 -0.137087 1230811179
"1985" 51.509026 -0.137087 1230811120
"1986" 51.509026 -0.137087 1230811238
"1987" 51.509026 -0.137087 1230811163
"1988" 51.509026 -0.137087 1230811080
"1989" 51.509026 -0.137087 1230811071
"1990" 51.509026 -0.137087 1230811109
"1991" 51.509026 -0.137087 1230811076
"1992" 51.509026 -0.137087 1230810865
"1993" 51.509026 -0.137087 1230810843
"1994" 51.509026 -0.137087 1230810848
"1995" 51.509026 -0.137087 1230810862
"1996" 51.509026 -0.137087 1230810838
"1997" 51.509026 -0.137087 1230810723
"1998" 51.509026 -0.137087 1230810731
"1999" 51.509026 -0.137087 1230810784
"2000" 51.509026 -0.137087 1230810799
"2001" 51.509026 -0.137087 1230810680
"2002" 51.509026 -0.137087 1230810755
"2003" 51.509026 -0.137087 1230810718
"2004" 51.509026 -0.137087 1230810554
"2005" 51.509026 -0.137087 1230810654
"2006" 51.509026 -0.137087 1230810657
"2007" 51.509026 -0.137087 1230810650
"2008" 51.509026 -0.137087 1230810672
"2009" 51.509026 -0.137087 1230810641
"2010" 51.509026 -0.137087 1230810489
"2011" 51.509026 -0.137087 1230810548
"2012" 51.509026 -0.137087 1230810542
"2013" 51.509026 -0.137087 1230810127
"2014" 51.509026 -0.137087 1230810151
"2015" 51.509026 -0.137087 1230810042
"2016" 51.509026 -0.137087 1230810118
"2017" 51.509026 -0.137087 1230810074
"2018" 51.509026 -0.137087 1230810058
"2019" 51.509026 -0.137087 1230810094
"2020" 51.509026 -0.137087 1230810098
"2021" 51.509026 -0.137087 1230809960
"2022" 51.509026 -0.137087 1230809923
"2023" 51.509026 -0.137087 1230809910
"2024" 51.509026 -0.137087 1230809949
"2025" 51.509026 -0.137087 1230809945
"2026" 51.509026 -0.137087 1230809955
"2027" 51.510335 -0.134931 1230737550
"2028" 51.495208 -0.254316 1237750175
"2029" 51.510001 -0.134657 1239456827
"2030" 51.509864 -0.134732 1209485157
"2031" 51.513082 -0.124154 1240602165
"2032" 51.510061 -0.134582 1258972349
"2033" 51.50728 -0.141888 1245091639
"2034" 51.509977 -0.13455 1246724129
"2035" 51.509977 -0.13455 1246724041
"2036" 51.509977 -0.13455 1246724066
"2037" 51.509977 -0.13455 1246724017
"2038" 51.509977 -0.13455 1246723893
"2039" 51.509824 -0.13396 1247762543
"2040" 51.509947 -0.134335 1247762306
"2041" 51.509947 -0.134335 1247762297
"2042" 51.509957 -0.134507 1247762190
"2043" 51.509947 -0.134335 1247762858
"2044" 51.509947 -0.134335 1247762842
"2045" 51.509947 -0.134335 1247762243
"2046" 51.548832 -0.108667 1252864823
"2047" 51.590379 -0.1029 1252860696
"2048" 51.50985 -0.134217 1249682907
"2049" 51.508465 -0.13868 1250998971
"2050" 51.508833 -0.137667 1254774419
"2051" 51.632253 -0.128086 1254672607
"2052" 51.647667 -0.132333 1254677287
"2053" 51.50983 -0.134711 1255544529
"2054" 51.509153 -0.13647 1260902154
"2055" 51.508889 -0.137007 1268325478
"2056" 51.508889 -0.137007 1268325497
"2057" 51.510151 -0.134593 1284982727
"2058" 51.510144 -0.133284 1292620923
"2059" 51.5089 -0.135991 1186229603
"2060" 51.509837 -0.134453 1182888971
"2061" 51.510011 -0.134958 1173964921
"2062" 51.507547 -0.141448 1190928021
"2063" 51.509709 -0.134455 1181505943
"2064" 51.509931 -0.134687 1181506254
"2065" 51.509026 -0.137087 1230810259
"2066" 51.509026 -0.137087 1230810254
"2067" 51.509026 -0.137087 1230810263
"2068" 51.509026 -0.137087 1230810288
"2069" 51.509026 -0.137087 1230810219
"2070" 51.509026 -0.137087 1230810239
"2071" 51.509026 -0.137087 1230810243
"2072" 51.509026 -0.137087 1230810210
"2073" 51.509026 -0.137087 1230810200
"2074" 51.509026 -0.137087 1230810215
"2075" 51.509026 -0.137087 1230810196
"2076" 51.50181 -0.160599 1231890526
"2077" 51.50732 -0.141727 1190929030
"2078" 51.50732 -0.141727 1190929151
"2079" 51.50732 -0.141727 1190929471
"2080" 51.498441 -0.162338 1217098922
"2081" 51.498424 -0.162649 1216480896
"2082" 51.510104 -0.134496 1248903551
"2083" 51.510021 -0.135183 1258656872
"2084" 51.510024 -0.134249 1268925687
"2085" 51.502117 -0.140987 1255274266
"2086" 51.502117 -0.140987 1255273762
"2087" 51.507544 0.020502 1290116454
